10.0 6.12323399574e-16 1.57079632679 234.0 127.017059222 22.0 11.0 22.0 46.1880215352 1 0 0 0
19.99 1.22403447575e-15 1.57079632679 232.001 127.017059222 25.998 12.999 25.998 46.1880215352 1 0 0 0
29.95003999 1.8339110304e-15 1.57079632679 229.005996001 127.017059222 31.988007998 15.994003999 31.988007998 46.1880215352 1 0 0 0
39.8603395005 2.44074185911e-15 1.57079632679 225.019962051 127.017059222 39.9600758981 19.980037949 39.9600758981 46.1880215352 0 0 0 0
49.701454834 3.04333637877e-15 1.57079632679 220.049816568 127.017059222 49.9003668649 24.9501834324 46.1880215352 46.1880215352 0 0 0 0
49.4544313727 3.02821055421e-15 1.57079632679 215.10437343 127.017059222 59.7912531394 29.8956265697 46.1880215352 46.1880215352 0 0 0 0
49.2098572944 3.01323471111e-15 1.57079632679 210.183387701 127.017059222 69.6332245983 34.8166122992 46.1880215352 46.1880215352 0 0 0 0
48.967696289 2.99840662609e-15 1.57079632679 205.286618072 127.017059222 79.4267638561 39.7133819281 46.1880215352 46.1880215352 0 0 0.4 0
48.727912761 2.98372411959e-15 1.66777727042 226.106687814 120.829929125 76.6735088465 44.7966712863 43.9381560454 49.1677447951 0 0 0.4 0
48.2626166837 -4.69528353472 1.76428794887 256.354977928 115.781807486 75.1869351713 50.3520634618 42.7792838872 53.6929758512 0 0 0 0
47.3548379724 -9.27885146618 1.76428794887 251.529444006 114.800964276 82.3925406871 55.1775973845 43.7601270973 54.9240481369 0 0 0 0
47.1263255954 -9.23407605367 1.76428794887 246.727195861 113.824854158 89.5633753091 59.9798455296 44.7362372152 56.1491798415 0 0 0 0
46.9000132857 -9.18973172907 1.76428794887 241.948009303 112.853431563 96.6997738038 64.7590320874 45.7076598102 57.3684281596 0 0 0 0
46.6758693726 -9.14581228672 1.76428794887 237.191663369 111.886651578 103.802066119 69.5153780211 46.6744397953 58.5818494626 0 0 0 0
46.4538627911 -9.10231163964 1.76428794887 232.457940262 110.924469933 110.870577475 74.2491011281 47.6366214403 59.789499314 0 0 0 0
46.2339630674 -9.0592238167 1.76428794887 227.74662529 109.966842989 117.905628455 78.9604161007 48.5942483839 60.9914324855 1 0 0 0
46.016140305 -9.01654295989 1.76428794887 223.057506806 109.013727728 124.907535094 83.6495345845 49.5473636453 62.1877029712 0 0 0 0
55.6137534365 -10.8971285662 1.76428794887 217.390376154 107.861820662 133.369833471 89.3166652362 50.6992707109 63.6334802875 0 0 0 0
55.2985830298 -10.8353731148 1.76428794887 211.755361872 106.716441605 133.941543694 94.951679518 51.8446497685 65.0710641949 0 0 0 0
54.9869747246 -10.7743156326 1.76428794887 206.152100976 105.577516774 132.512060593 100.554940414 52.9835745989 66.5005472964 0 0 0 0
54.6788683594 -10.7139443311 1.76428794887 200.580236613 104.444973637 131.090587258 106.126804777 54.1161177362 67.9220206312 1 0 0 0
54.3742051213 -10.6542476865 1.76428794887 195.039417922 103.318740876 129.67703418 111.667623468 55.2423504969 69.3355737093 0 0 0 0
63.8863157749 -12.5180796763 1.76428794887 188.529299904 101.995487293 128.016197059 118.177741487 56.5656040804 70.9964108307 0 0 0 0
63.4704083194 -12.4365855002 1.76428794887 182.061563521 100.680848246 126.366172183 124.645477869 57.880243127 72.6464357065 1 0 0 0
63.0598984503 -12.3561489437 1.76428794887 175.635658753 99.3747119382 124.726819233 131.071382637 59.1863794348 74.2857886563 1 0 0 0
72.4680698138 -14.1996147518 1.76428794887 168.251046236 97.8737076635 122.842884325 138.455995154 60.6873837096 76.1697235649 0 0 0 0
81.4910960076 -15.96761404 1.76428794887 159.946972883 96.1858127909 120.724379983 146.760068508 62.3752785821 78.2882279061 0 0 0.4 0
81.0746050008 -15.8860055211 1.92635722442 212.600592781 90.6811709556 140.17577342 162.279151077 61.4617891256 77.9994024309 0 0 0.4 0
76.8687932041 -28.3166446609 2.0901600059 234.436956378 86.5730227963 171.88519103 127.794071363 63.4283224169 77.9719513245 0 0 0 0
70.6050005129 -40.20284001 2.09187085137 226.244380537 82.5522254126 164.385733333 135.488881354 67.4482524769 76.2408007926 0 0 0 0
69.9006967567 -40.1206654939 2.09187930772 218.18443492 78.5401444073 156.398782154 143.546162024 71.4603302857 74.5088521419 0 0 0 0
69.3335382684 -39.7975018847 2.09187930772 210.190073979 74.5603816244 148.473789691 151.540522965 75.4400930685 72.7909318126 0 0 0 0
68.7792609382 -39.4793462901 2.09187930772 202.259622845 70.6124345017 140.612152478 159.470974099 79.3880401912 71.0867451585 0 0 0 0
68.2338103703 -39.1662572636 2.09187930772 194.392063766 66.6957963807 132.812861594 167.338533178 83.3046783122 69.3960734733 0 0 0.4 0
67.696976836 -38.8581144207 2.24677395283 183.664000749 63.5460958544 173.147719998 139.357143263 76.6117178211 72.2534892742 0 0 0.4 0
60.4163203795 -48.4557117667 2.40046898038 177.360491092 60.7894581482 212.315554568 124.75870698 70.033330439 78.9255749394 0 0 0 0
51.8810847146 -56.6912111597 2.40046898038 169.675739714 54.8440162239 217.628873525 132.443458358 70.8991421639 79.9013201703 0 0 0 0
51.4823914774 -56.2555532967 2.40046898038 162.05004374 58.5714801605 216.249325807 140.069154332 71.7583003409 80.8695670416 0 0 0 0
51.089802412 -55.8265655504 2.40046898038 154.482499005 75.5269618108 190.38135985 147.636699067 72.6109068389 81.8304303567 0 0 0 0
50.7031780467 -55.4040955182 2.40046898038 146.972222003 294.097637366 164.709150883 155.146976069 73.4570611991 82.7840222957 0 0 0.4 0
50.3223831347 -54.9879954138 2.54843523083 143.858299044 74.9205321295 233.424611419 144.663833853 70.4228764624 94.8957853604 0 0 0 0
41.3552261511 -61.3453183839 2.54843523083 136.459986522 426.346795396 237.570158911 152.062146376 72.3308455852 97.4667997445 0 0 0 0
41.0492672637 -60.8914665467 2.54843523083 129.116409028 435.705955672 241.685036347 159.40572387 74.2246989562 100.018792961 0 0 0 0
40.7478187884 -60.4443053434 2.54843523083 121.826759664 444.99638623 169.483686948 166.695373233 76.1046446682 102.552045417 0 0 0.4 0
40.4507814771 -60.0036875514 2.6921180967 120.764967728 354.004973765 249.906676297 160.125164666 75.7200678269 123.671019459 0 0 0.4 0
31.2145523306 -64.7058205169 2.83476872427 122.642801646 299.959633842 258.389192036 152.10507384 77.8614291364 117.038021909 0 0 0.4 0
21.5425574277 -67.9942542132 2.97640189176 128.24752919 87.8728564691 271.76507471 129.787552677 82.4985111874 103.597419704 0 0 0 0
11.6451143668 -69.852557898 2.97640189176 121.165870815 147.616275524 273.008604436 136.869211051 86.9999156796 97.8769076639 0 0 0 0
11.5626476451 -69.3578859464 2.97640189176 114.134362326 206.936612095 60.6722650816 143.900719541 91.4694427629 92.1969063358 0 0 0 0
11.48134479 -68.8701953825 2.97640189176 107.152295948 265.839837216 61.8983065864 150.882785918 95.9075423287 86.5568439853 0 0 0.4 0
11.4011812786 -68.3893391069 3.11410681657 114.724044718 134.745277668 67.2077929787 135.972888911 103.520318611 77.8933471083 0 0 0.4 0
1.89222928516 -68.8264560137 3.25086360906 128.759925207 100.065592128 321.572166915 127.697384719 114.543949107 71.8648813452 0 0 0.4 0
-7.45691256146 -67.9705784014 3.38668528054 154.560293083 83.5575711678 285.988064517 123.776502952 121.600275383 68.056690014 0 0 0 0
-16.4783051853 -65.8813104677 3.38668528054 147.769209509 90.7534320349 79.1586315672 130.567586526 116.257391928 65.0664092606 0 0 0.4 0
-16.3663996377 -65.4339049823 3.5206746847 163.751479858 79.4895513878 270.002051026 129.436594741 93.2732249665 63.2455055774 0 0 0.4 0
-24.7925838873 -62.2383956349 3.65376643084 189.539127244 71.7826604111 253.613759365 130.997204064 78.9924453188 63.3784939438 0 0 0.4 0
-32.6123519009 -58.0067903463 3.78597250634 332.150551878 66.0233184323 243.460093541 134.954507866 70.0103293617 65.6576371251 0 0 0 0
-39.7082774459 -52.8475571989 3.78597250634 325.540248103 67.203632008 249.204642527 141.564811641 69.5721074094 65.2466603709 0 0 0 0
-39.4457936696 -52.4982187921 3.78597250634 318.973640444 68.3761433524 254.911218299 148.1314193 69.1367822374 64.8384002978 0 0 0 0
-39.1867686188 -52.1534835865 3.78597250634 312.450153122 69.5409552748 96.1441592307 154.654906623 68.7043156749 64.4328211085 1 0 0 0
-38.9311342305 -51.8132609974 3.78597250634 305.969221686 70.6981685615 86.2130531007 161.135838059 68.2746703026 64.0298877099 0 0 0 0
-44.685851853 -59.4721872536 3.78597250634 298.530292722 72.0264386597 74.8139519434 168.574767022 67.7815156634 63.5673935517 0 0 0 0
-44.3534369754 -59.0297778773 3.78597250634 291.146701423 73.344827851 63.4996478899 175.958358322 67.2920295665 63.1083398546 0 0 0.4 0
-44.025949324 -58.593926123 3.93147967744 240.034258813 67.6797719967 80.5170906255 183.033553142 61.6154160655 68.3884722354 0 0 0 0
-51.6749620461 -51.2131087519 3.93147967744 232.758900258 67.6421589336 67.9936812132 190.308911697 62.3359528832 69.1882138471 0 0 0.4 0
-51.2990081689 -50.840515023 4.07488496246 199.34775538 63.0998967499 89.6772607943 201.421917782 59.713100149 78.1977860757 0 0 0 0
-57.6190853043 -42.676808122 4.07488496246 192.177491129 61.9640952531 73.6269250698 208.592182032 61.4438508734 77.1883632409 0 0 0 0
-57.2059412368 -42.3708041304 4.07488496246 185.058639568 60.8364377531 72.2870208251 215.711033594 63.1621916578 76.1861782346 0 0 0 0
-56.7987006327 -42.0691726652 4.07488496246 177.990466054 59.7168078795 70.9566551597 222.779207108 64.8682998291 75.1911276345 0 0 0 0
-56.3972375612 -41.7718204532 4.07488496246 170.972251617 58.6050917442 69.6356927497 229.797421545 66.5623489319 74.2031102247 0 0 0 0
-56.0014296544 -41.4786568599 4.07488496246 164.003292514 57.501177871 68.3240011372 236.766380648 68.2445088348 73.222026933 0 0 0 0
-55.6111579814 -41.1895937965 4.07488496246 157.082899801 56.4049571285 67.0214506499 243.68677336 69.9149458341 72.2477807706 0 0 0 0
-55.226306929 -40.9045456318 4.07488496246 150.210398925 55.3163226641 65.7279143235 250.559274237 71.5738227534 71.2802767743 0 0 0 0.4
-54.8467640862 -40.6234291061 3.93931125639 160.977433002 57.8501170118 58.6790553127 252.546013666 77.0376272936 67.1700327689 0 0 0 0
-48.5194406409 -47.338370527 3.93931125639 154.198747699 57.7543569174 58.5819230653 259.324698969 77.7646047302 65.3274192936 0 0 0 0
-48.1905426217 -47.0174786105 3.93931125639 147.46601297 57.6592459505 58.4854492468 266.057433698 78.4866542154 63.4972963153 0 0 0 0
-47.8660884818 -46.7009223994 3.93931125639 140.778607958 57.5647753405 58.389624961 272.74483871 79.203842333 61.6794950695 0 0 0 0
-47.5459885618 -46.3886144168 3.93931125639 134.135924332 57.4709364938 58.294441491 279.387522336 79.9162343232 59.8738501968 0 0 0 0
-47.2301556021 -46.0804695274 3.93931125639 127.537365951 57.3777209888 58.1998902946 285.986080717 79.761277693 58.0801996518 0 0 0 0.4
-46.918504663 -45.776404859 3.8090702733 139.893269898 62.3567945618 54.372642747 292.313942492 87.2015434338 54.885155547 0 0 0 0
-40.3100347268 -51.1446919971 3.8090702733 133.381220743 63.3130325971 55.2064442508 298.825991646 85.6936330839 52.3514057767 0 0 0 0
-40.0475337992 -50.8116352488 3.8090702733 126.911578373 64.2630435633 56.0348159982 305.295634016 81.5731651937 49.8341559094 0 0 0 0
-39.7884405777 -50.4829021405 3.8090702733 120.483792275 65.2069082984 56.8578284766 311.723420114 77.4793552572 47.3331917485 0 0 0 0
-39.5326889925 -50.1584088439 3.8090702733 114.097322611 66.1447060728 57.6755508069 318.109889778 73.4118594552 44.8483032502 0 0 0 0.4
-39.2802146735 -49.8380736874 3.68296197369 129.4347328 66.709543379 55.9116808743 329.527399811 83.8873819917 42.0359746268 0 0 0 0.4
-32.4924331172 -54.0376498177 3.55764883924 156.993165497 63.8184548803 55.9284366975 153.086030736 99.9723525287 39.1912968959 0 0 0 0
-25.3230424984 -57.3113333906 3.55764883924 150.727508774 61.271436164 58.2175311608 159.351687458 90.2550617017 35.3819113989 0 0 0 0
-25.1643770069 -56.9522402493 3.55764883924 144.501110506 58.7403761928 60.492282944 165.578085727 80.5986560833 36.6042981112 0 0 0 0.4
-25.0076935735 -56.5976329192 3.43466196994 179.610978315 57.4192503309 62.0380714206 131.183503019 101.153289169 35.1999123733 0 0 0 0.4
-17.7649629922 -58.871458237 3.31243138914 186.026717185 57.675243952 65.1838860253 112.581628311 129.959087169 33.6748777545 0 0 0 0
-10.390145399 -60.2256058435 3.31243138914 179.915188145 56.5680515185 68.7224137439 118.693157351 120.844249769 35.0270327437 0 0 0 0
-10.3266457237 -59.8575353044 3.31243138914 173.841009892 55.4676257236 67.7396490382 124.767335603 90.0689120021 36.3709239985 0 0 0 0
-10.2639198368 -59.4939499652 3.31243138914 167.803727281 54.3738841112 66.4039208184 130.804618215 59.4805091222 37.7066522183 0 0 0 0
-10.201953652 -59.1347681756 3.31243138914 161.802893451 53.2867457261 65.0762567674 136.805452045 31.9626817668 39.0343162693 0 0 0 0
-10.1407334234 -58.7799102582 3.31243138914 155.838069627 52.2061310777 63.7565598077 142.770275868 33.0432964152 40.354013229 0 0 0 0.4
-10.0802457351 -58.4292984492 3.19454961399 163.657507289 53.8366543147 57.2358424872 128.221376956 35.9221534739 38.1902394234 0 0 0 0.4
-3.11987152347 -58.8582588058 3.07736264449 176.2588562 57.2872644692 53.1849566568 119.41020444 38.8496307258 36.0676311817 0 0 0 0
3.76087290376 -58.4726627601 3.07736264449 170.399507725 57.7392127745 53.6045412058 125.269552915 38.3976824206 35.6480466327 0 0 0 0
3.73883663885 -58.1300510527 3.07736264449 164.574491214 58.1885129571 54.0216672627 131.094569425 37.9483822379 35.2309205758 0 0 0 0
3.7170578537 -57.7914425456 3.07736264449 158.783405521 58.6351959587 54.4363635534 136.885655118 37.5016992363 34.8162242851 0 0 0 0
3.69553205314 -57.4567673494 3.07736264449 153.025856501 59.0792921808 54.8486583024 142.643204138 37.0576030142 34.4039295361 0 0 0 0
3.67425484619 -57.1259571949 3.07736264449 147.301456852 59.5208314972 55.2585792441 148.367603787 36.6160636979 33.9940085943 0 0 0 0
3.65322194304 -56.7989453856 3.07736264449 141.609825955 59.959843266 55.6661536346 154.059234685 36.177051929 33.5864342039 1 0 0 0
3.63242915215 -56.4756667531 3.07736264449 135.950589719 60.3963563419 56.0714082621 159.71847092 35.7405388532 33.1811795764 0 0 0 0
4.25373092536 -66.1354372336 3.07736264449 129.323380439 60.9075319471 56.5459788784 166.345680201 35.229363248 32.7066089601 0 0 0 0
4.22554056029 -65.6971438502 3.07736264449 122.740091061 61.4153198846 57.0174044159 172.928969578 34.7215753105 32.2351834226 0 0 0 0
4.19772260401 -65.2646405409 3.07736264449 116.200141382 61.9197649071 57.4857264227 179.468919257 34.2171302879 31.7668614158 0 0 0 0
4.17026970941 -64.837813076 3.07736264449 109.702962645 62.4209108846 57.9509856271 185.966097994 33.7159843104 31.3016022113 0 0 0 0
4.14317472173 -64.4165502155 3.07736264449 103.24799724 62.9188008271 58.4132219594 192.421063399 33.2180943679 30.8393658791 0 0 0 0.4
4.11643067223 -64.0007436124 2.94991927599 112.993721779 66.7695497335 55.8159345874 180.164428981 36.0712030785 28.8028391394 0 0 0 0
12.1391015185 -62.5547380952 2.94991927599 106.621553354 63.0041474627 57.0999294432 186.536597406 34.4631935704 32.3428698999 0 0 0 0
12.0617491191 -62.1561287682 2.94991927599 100.289989459 59.2627389694 58.3757424675 192.8681613 32.8654305698 38.7529528781 0 0 0 0
11.9853793838 -61.7625832675 2.94991927599 93.9985142659 55.545019443 59.6434776002 199.159636494 31.2777839077 45.1224500064 0 0 0 0.4
11.9099736668 -61.374005507 2.82566314853 106.791720874 51.5772899291 58.8432344463 185.319974155 33.5738149678 42.5669080229 0 0 0 0.4
19.3031960679 -59.0532211178 2.70217900033 130.788702356 49.0691659271 59.7207550301 139.887191702 35.8825983178 40.3190376889 0 0 0 0
26.2656274368 -55.8766546016 2.70217900033 124.614494946 46.7527333729 62.3566527399 146.061399112 31.283063356 42.7707496147 0 0 0 0
26.1034580053 -55.5316605468 2.70217900033 118.478408373 44.4506029536 64.9762758705 152.197485685 32.3582200303 45.2073241625 0 0 0 0
25.9432849271 -55.1909134701 2.70217900033 112.379973359 42.162598606 67.4794767642 158.2959207 34.091554794 47.628947678 0 0 0 0.4
25.7850714899 -54.8543352709 2.58168889183 151.541004802 40.8934852551 55.7317428534 131.648251833 37.1980175473 44.7843821181 0 0 0 0.4
31.9964288786 -51.0460096403 2.46192467665 143.970529848 40.9015241233 48.1579707251 116.331888904 40.3478537505 42.2155848908 0 0 0 0
37.6379895532 -46.5751924513 2.46192467665 137.982319089 39.9992200818 47.0955865586 122.320099664 40.6127883176 42.4927834694 0 0 0 0
37.4126053393 -46.2962903828 2.46192467665 132.029966998 39.1023192271 46.0395641725 128.272451755 40.8761364008 42.7683221245 0 0 0 0
37.1899123396 -46.0207185619 2.46192467665 126.113045402 38.2107570421 44.9898276033 134.18937335 41.1379169433 43.0422206765 0 0 0 0.4
36.9698625442 -45.7484175784 2.34497838166 120.647443688 39.4506397117 40.5245093562 123.133602988 44.4298062174 40.6033513543 0 0 0 0
41.807898422 -40.8804183929 2.34497838166 114.800128939 39.2956901784 40.3653420054 128.980917738 43.8787559909 40.0997595572 0 0 0 0
41.5634344809 -40.6413777195 2.34497838166 108.987005278 39.1416466838 40.2071053562 134.794041398 43.3309279285 39.5991124197 0 0 0 0
41.3218210965 -40.4051243651 2.34497838166 103.207674025 38.9884986631 40.0497885561 140.573372651 42.7862844584 39.101375606 0 0 0 0
41.0830086044 -40.171609767 2.34497838166 97.4617434413 38.8362357355 39.893380942 146.319303235 42.2447886633 38.6065153782 0 0 0 0
40.8469484888 -39.9407864859 2.34497838166 91.7488285759 38.6848477001 39.7378720351 152.0322181 41.7064042655 38.114498583 0 0 0 0
40.6135933496 -39.712608173 2.34497838166 86.0685511067 38.5343245317 39.5832515374 157.712495569 41.1710956119 37.6252926378 0 0 0 0
40.3828968703 -39.4870295396 2.34497838166 80.4205391897 38.3846563767 39.4295093271 163.360507486 40.6388276599 189.848886096 0 0 0 0
40.1548137876 -39.2640063262 2.34497838166 74.8044273112 38.2358335491 39.2766354546 168.976619365 40.1095659637 176.590922458 0 0 0 0.4
39.9292998609 -39.0434952738 2.23391070704 70.3410548778 40.8126335682 36.8642731965 158.372527361 43.1291993871 216.234937938 0 0 0 0.4
43.7650467705 -34.1851980716 2.12345983385 66.6765620186 45.1733016313 35.7829780383 151.782523372 46.4580901275 439.18145009 0 0 0 0.4
47.0039882195 -28.9909285627 2.01361893042 63.7739258311 51.9490395229 35.8222509272 115.393806905 50.3122581497 399.638534713 0 0 0 0
49.6231436128 -23.5329478475 2.01361893042 58.2818806597 54.421498655 37.5271727554 120.885852077 46.644117534 403.779852186 0 0 0 0
49.3506110666 -23.4037038349 2.01361893042 52.8199980486 56.8803789299 39.2227310759 126.347734688 42.9961225123 407.898425357 0 0 0 0.4
49.0810638221 -23.2758755519 1.90556806487 50.087998799 49.8687260734 40.1946269825 98.857086763 46.3842882575 358.153898023 0 0 0 0.4
51.02622873 -17.7502498026 1.7981009488 47.9581393897 42.1458672714 42.1468247692 84.2899026221 50.6680253315 322.662839768 0 0 0 0.4
52.3513881525 -12.1089808691 1.69121129178 46.5047437792 35.9512423995 45.0910922553 76.0458912213 56.8088227901 231.486277279 0 0 0 0.4
53.0578277727 -6.42001608184 1.5848929047 45.8806439275 30.9585350494 49.0964671861 71.4113293377 67.6842971312 150.198685579 0 0 0 0.4
53.1539119029 -0.749337895153 1.47913969759 46.3744661723 26.9480795062 54.2955371929 69.0766865636 97.8248741641 117.399362461 0 0 0 0.4
52.6546524775 4.83970825036 1.37394567752 48.5402620121 23.7730967918 46.5920236268 68.3432491727 265.13699486 99.4220037553 0 0 0 0.4
51.5812248006 10.2870167015 1.26930494654 53.526995629 21.3401860283 35.488948996 68.8151654573 245.130362874 87.9032918233 0 0 0 0.4
49.9604393847 15.5362524845 1.1652116997 64.0826466035 19.5986021952 28.233275888 70.263140764 231.012021582 79.7694949609 0 0 0 0.4
47.8241790283 20.5353088615 1.06166022305 88.6646460877 18.5357023728 23.4348530552 72.5584321696 221.093039203 73.6239066333 0 0 0 0.4
45.2088100005 25.2366910899 0.958644891824 171.757689701 18.1776673704 20.3291684968 75.6391492996 214.339937562 68.7389292628 0 0 0 0.4
42.154575834 29.5978268342 0.856160168518 346.711107613 18.59601837 18.4674137769 79.4930283343 194.583418445 64.6968368334 0 0 0 0
38.7049817891 33.581304508 0.856160168518 341.586871448 18.6317028635 18.502851487 84.6172644996 207.126548463 65.134128084 0 0 0 0
38.5066483216 33.409225973 0.856160168518 336.488893079 18.6672045012 18.5381076058 89.7152428686 218.270108402 65.5691785511 0 0 0 0
38.3103422614 33.2389064617 0.856160168518 331.416904093 18.7025251524 18.5731839897 94.7872318541 60.8124112625 66.0020111402 0 0 0 0
38.1160326274 33.0703190942 0.856160168518 326.37064018 18.7376666576 18.6080824666 99.8334957674 61.2091884233 66.4326484072 0 0 0 0
37.9236890674 32.9034375364 0.856160168518 321.349841046 18.7726308295 18.6428048366 104.854294901 61.6039633418 66.861112565 0 0 0 0
37.7332818422 32.7382359857 0.856160168518 316.354250336 18.8074194533 18.6773528725 109.849885611 61.9967561748 67.2874254902 0 0 0 0.4
37.54478181 32.5746891581 0.757241617055 280.794739034 20.1024613959 17.797971971 114.187644486 65.8749868518 63.7669459033 0 0 0 0
33.9745385556 35.9437155263 0.757241617055 275.848811461 20.7428623251 18.3649591456 119.13357206 65.7114817991 63.608673115 0 0 0 0
33.8065029485 35.7659405126 0.757241617055 270.927346088 21.3800958777 18.9291420426 124.055037433 65.5487854305 63.4511831324 0 0 0 0
33.6401254149 35.5899196748 0.757241617055 266.030101535 22.0141933074 19.4905483331 128.952281985 65.3868897664 63.2944682312 1 0 0 0
33.475381494 35.4156271346 0.757241617055 261.156839987 22.645185407 20.0492052797 133.825543533 65.2257869451 63.1385208013 1 0 0 0
40.1814417192 42.5103731204 0.757241617055 255.307327118 23.4025829673 20.7197769218 139.675056403 65.0324106984 62.951332716 1 0 0 0
46.8155943734 49.5290437455 0.757241617055 248.492031048 24.2850305711 21.5010632235 146.490352472 64.8071070872 62.7332389618 0 0 0 0
53.3657267518 56.4588242481 0.757241617055 240.72318324 25.2909444835 22.3916620047 154.259200281 64.5502804653 62.4846309532 0 0 0 0
52.9511365424 56.0202042351 0.757241617055 233.014690428 26.2890436038 23.2753418595 161.967693093 64.2954490904 62.2379543423 0 0 0 0
52.542963087 55.5883728934 0.757241617055 225.365618477 27.2794488842 24.1522098744 169.616765044 64.0425820813 61.9931792363 0 0 0 0
52.1410581818 55.1631734295 0.757241617055 217.775054828 28.2622784834 25.0223706629 177.207328693 63.7916492702 61.7502764326 0 0 0 0
51.745278161 54.7444538505 0.757241617055 210.242107835 29.2376478519 25.8859264405 184.740275686 63.5426211805 61.5092173982 0 0 0.4 0
51.3554837235 54.3320667815 0.905647779262 238.759744253 27.5477729038 28.9673018666 194.53640126 58.6058054999 67.3960378694 0 0 0 0
58.3848477359 45.7963623017 0.905647779262 231.339436143 27.1841442053 28.5849354839 201.95670937 59.57361065 68.5090032486 0 0 0 0
57.9516141768 45.4565391831 0.905647779262 223.974189005 26.8232137439 28.2054063776 209.321956508 60.5342343876 69.6137100818 0 0 0 0
57.5247862163 45.121740538 0.905647779262 216.663188732 26.4649416245 27.828672597 216.632956781 61.487782894 70.7102804762 0 0 0 0
57.1042224886 44.7918554806 0.905647779262 209.405639185 26.1092888326 27.4546931172 223.890506328 62.434360007 71.7988338441 0 0 0 0
56.6897857645 44.4667763701 0.905647779262 202.200761663 25.7562172085 27.0834278119 231.09538385 63.3740672898 72.879486982 0 0 0 0
56.2813428013 44.1463986926 0.905647779262 195.047794401 25.4056894222 26.7148374277 238.248351112 64.3070040966 73.9523541464 0 0 0 0
55.8787641988 43.830620948 0.905647779262 187.945992079 25.0576689497 26.3488835585 245.350153434 65.233267637 75.0175471271 0 0 0.4 0
55.4819242615 43.5193445424 1.04568067831 210.189698161 23.2497677801 28.8304482462 260.62624481 63.0163239479 85.9165871515 0 0 0 0
60.5828512051 35.1001615922 1.04568067831 203.188053209 21.8944665068 27.149831752 267.627889762 64.8825469624 88.4609994914 0 0 0 0
60.1586715908 34.8544027229 1.04568067831 196.235431288 20.5486545719 25.4809823379 274.580511683 66.7357033459 90.9875967595 0 0 0 0
59.740411092 34.6120732385 1.04568067831 189.33114832 19.2121995585 23.8237358027 281.484794651 68.5759754337 93.496627552 0 0 0.4 0
59.3279463891 34.3731016908 1.18187269215 191.156678494 20.0246864417 25.3542767335 176.028951158 68.5298766514 98.6430638414 0 0 0.4 0
63.0104436104 25.8215056598 1.31713729276 197.287029197 20.8073511712 26.3706991469 139.254290629 70.6088753742 98.7435021692 0 0 0.4 0
65.4681125546 16.9721620024 1.45148706776 208.863206175 20.6527118037 26.5773844717 119.815250208 74.7937184379 101.666633925 0 0 0 0
66.697347212 7.99558537816 1.45148706776 202.145717425 21.6517157891 18.8486093642 126.532738958 78.9870574436 100.796964469 0 0 0 0
66.2493085325 7.94187512333 1.45148706776 195.47335333 22.6440089764 19.7124368246 133.205103053 83.1522277417 99.933137009 0 0 0 0
65.8072690249 7.88888404091 1.45148706776 188.845509678 23.6296812224 20.5705005137 139.832946705 87.2896065071 99.0750733199 0 0 0 0
65.3711087346 7.8365977509 1.45148706776 182.261594337 24.6088205868 21.4228770908 146.416862046 91.3995633729 98.2226967428 1 0 0 0
64.940710889 7.78500225475 1.45148706776 175.721026937 25.5815133805 22.2696416926 152.957429446 95.4824606307 97.3759321409 0 0 0 0
74.4448726837 8.92434797469 1.45148706776 168.22323856 26.6965610939 23.2403314513 160.455217823 100.162895482 96.4052423822 0 0 0 0
73.8867007825 8.85743510217 1.45148706776 160.781667013 41.871713864 24.2037431836 167.89678937 104.808237424 95.44183065 0 0 0.4 0
73.3368676123 8.79152186513 1.59811984156 175.421112739 40.4780178762 27.1484717798 149.154368793 98.7856412828 101.953131618 0 0 0.4 0
73.2890205314 -2.00301212526 1.74367755684 179.034677901 38.8978868655 29.8933481459 138.88236981 92.7123954133 113.502911218 0 0 0 0
71.6939594695 -12.5195165677 1.74367755684 171.756792137 45.6475093642 28.2613010143 146.160255574 94.045497775 111.823154554 0 0 0 0
71.1721790225 -12.4284009563 1.74367755684 164.531873994 52.3480088814 27.1596937588 153.385173717 95.36889797 107.652866969 0 0 0 0
70.657965855 -12.3386067767 1.74367755684 157.359155293 59.000097838 30.6109940619 160.557892418 96.6827367069 103.512709371 0 0 0.4 0
70.151156142 -12.2501054212 1.88508872303 155.621377804 53.6720409975 34.4874731423 153.967876689 94.0754956943 99.1461158921 0 0 0.4 0
67.242096136 -21.8581789653 2.02550003331 157.252333414 49.6231608068 38.2731687326 151.71646923 94.4321653879 97.6109484501 0 0 0.4 0
63.0721426713 -30.8340531411 2.1649255768 162.878341831 46.2428446994 42.1213397066 152.924969407 97.5340400794 98.9340388024 0 0 0 0
57.7665296022 -39.0243334576 2.1649255768 155.907064656 46.9249729004 42.7426715876 159.896246582 101.446200005 97.5320556143 0 0 0.4 0
57.363823113 -38.7522840125 2.30242067663 291.777977424 43.865794216 46.848209282 157.270592866 107.384351035 101.923159603 0 0 0.4 0
51.1543774907 -45.9288066806 2.43897053134 249.410765176 40.9978942322 51.453477464 143.696573382 100.077332264 110.14713065 0 0 0 0
44.1206904638 -52.1040341846 2.43897053134 242.583272441 41.4492991171 49.712280266 150.524066118 100.701510806 110.834114144 0 0 0 0
43.8194567702 -51.7482942697 2.43897053134 235.802394362 43.3807997632 47.9829710793 157.304944196 101.321427772 111.323575497 0 0 0 0
43.5223223763 -51.3973953955 2.43897053134 229.067496591 45.2992031389 46.2653881273 164.039841967 101.937141158 106.900656493 0 0 0 0
43.2292039844 -51.0512391918 2.43897053134 222.377957668 47.204686264 44.5593729209 170.72938089 102.548707776 102.507525395 0 0 0 0
42.9400205417 -50.7097299402 2.43897053134 215.733168676 49.0974225855 42.8647701696 177.374169882 103.156183296 98.1437823194 1 0 0 0
42.6546931659 -50.3727744849 2.43897053134 209.132532905 50.9775820736 41.181427696 183.974805653 103.75962227 93.8090353955 0 0 0 0
48.8353548723 -57.6717855712 2.43897053134 201.575465527 53.1301765246 41.3514220043 191.531873032 104.450499503 88.8461839811 0 0 0 0
48.466302805 -57.2359560018 2.43897053134 194.075507415 55.2665036742 43.0141336925 199.031831143 105.136155731 83.9208371693 0 0 0 0
48.1028075642 -56.8066887293 2.43897053134 186.631798676 57.3868084598 44.6643751127 206.475539883 105.816669565 79.0324302522 0 0 0 0
47.7447442751 -56.3838362839 2.43897053134 179.243498736 59.491330314 46.3023326164 213.863839822 106.492117853 74.1804112124 0 0 0 0
47.3919917839 -55.9672555897 2.43897053134 171.909785772 61.5803033296 47.9281883988 221.197552786 107.162575726 69.3642403445 0 0 0 0
47.0444325194 -55.5568078019 2.43897053134 164.629856154 63.6539564167 49.5421206216 228.477482404 107.828116654 64.5833898914 0 0 0 0
46.7019523617 -55.1523581513 2.43897053134 157.402923912 65.7125134553 51.1443035314 235.704414647 108.488812491 59.8373436932 0 0 0 0
46.3644405164 -54.7537757959 2.43897053134 150.228220219 67.7561934416 52.7349075739 242.87911834 109.144733523 55.1255968492 0 0 0 0
46.0317893938 -54.3609336785 2.43897053134 143.104992899 69.7852106296 54.3140995036 250.00234566 109.795948517 50.4476553927 0 0 0 0
45.703894494 -53.9737083905 2.43897053134 136.032505946 71.7997746669 55.8820424903 257.074832612 110.442524758 45.8030359766 0 0 0 0
45.3806542965 -53.5919800422 2.43897053134 129.010039065 73.8000907264 57.4388962206 264.097299493 111.084528097 41.1912655707 0 0 0 0
45.0619701547 -53.2156321373 2.43897053134 122.036887226 75.7863596325 58.9848169972 271.070451333 106.652050822 38.5666377827 0 0 0 0.4
44.7477461946 -52.8445514541 2.30143897296 131.63744703 89.7585570318 58.4951454307 304.937181226 121.349978679 39.0368705762 0 0 0 0
51.2130174849 -45.8907313931 2.30143897296 124.760869111 85.0759415049 60.8902962999 311.813759145 120.900541246 53.7787732605 0 0 0 0
50.8608471797 -45.5751602029 2.30143897296 117.931578515 80.4189658735 63.2689767275 318.64304974 103.83236544 68.4193021023 0 0 0 0
50.5135036744 -45.26391419 2.30143897296 111.14892713 75.7937940821 65.6314124552 325.425701126 79.2596931183 82.9598465181 0 0 0 0.4
50.1708881887 -44.9569048397 2.16761368072 123.981798552 69.8665583269 67.0108650008 147.040377146 132.274862007 69.6533130036 0 0 0 0.4
55.3453558834 -37.6057680841 2.03468384892 147.328206056 66.0364786209 70.3785635405 121.116513855 148.978758913 61.876999765 0 0 0 0.4
59.4408951375 -29.738275521 1.90263753412 193.210520909 64.1202351992 75.8357219245 108.557648125 172.993231381 56.4961182249 0 0 0 0
62.4212052776 -21.5093106414 1.90263753412 186.608205169 61.9291431401 80.447938467 115.159963864 167.821621468 59.7755442154 0 0 0 0
62.0090807715 -21.3672993812 1.90263753412 180.049480003 59.7525173627 85.0297036995 121.718689031 42.1146273155 63.0333184002 0 0 0 0.4
61.6023802529 -21.227157137 1.7731724574 174.760823824 59.5822086706 75.5958956813 113.432261377 45.8085157699 58.1202989402 0 0 0 0.4
63.4114603598 -13.0110805772 1.64454544098 165.302445386 61.3356037669 66.8014746103 109.192512091 49.7122736868 54.142341227 0 0 0 0
64.1386890729 -4.73876589593 1.64454544098 158.871094565 60.8093738724 66.2283501805 115.623862912 50.2385035813 54.7154656568 0 0 0 0
63.7261906622 -4.70828923 1.64454544098 152.481106017 60.286528347 65.658911715 122.01385146 50.7613491067 55.2849041224 0 0 0 0
63.3189810337 -4.67820331574 1.64454544098 146.131949423 59.7670237985 65.0931119547 128.363008054 51.2808536553 55.8507038826 0 0 0 0.4
62.9169589078 -4.64850067031 1.51916457535 139.629105692 63.5898046756 59.9051927351 125.720668864 55.5902018649 52.3691144183 0 0 0 0.4
62.6068901173 3.23537889888 1.39456972779 135.277489405 70.1736205284 57.0895677678 125.644743559 60.5530795094 49.2628014654 0 0 0 0.4
61.3325760644 10.9217271054 1.27075107403 132.990696179 80.5998392987 56.1695455113 127.7340933 66.555854344 46.3823764681 0 0 0 0
59.1434110044 18.2981334953 1.27075107403 126.799763491 83.2925138256 58.0460542699 133.925025988 63.8631798172 44.5058677095 0 0 0 0
58.777258128 18.1848509825 1.27075107403 120.64715845 85.9685181857 59.9109456891 140.077631028 61.187175457 42.6409762904 0 0 0 0
58.4156248734 18.0729667767 1.27075107403 114.532407959 88.6280581479 61.7643631679 146.19238152 58.5276354948 40.7875588115 0 0 0 0.4
58.0584279025 17.9624550942 1.14994255384 113.514867644 105.808735547 62.3524758892 149.889801404 64.7854357302 38.1776825748 0 0 0 0.4
55.1334129142 24.6775488688 1.02986376857 114.434171268 112.16620369 64.5010968918 125.241686959 73.2265565268 35.5139279902 0 0 0 0
51.4674993043 30.9164225454 1.02986376857 108.430232005 106.281256328 67.593203662 131.245626222 66.8509077601 32.42182122 0 0 0 0
51.1584915644 30.7308022222 1.02986376857 102.462340029 100.431641832 70.6667456109 137.213518199 60.5135380014 124.983389805 0 0 0 0.4
50.8531832131 30.5474041142 0.911922081763 104.654412869 89.404983736 74.3904852717 120.397915896 69.4309419891 53.770346836 0 0 0 0
46.6271814627 36.103549974 0.911922081763 98.7573285285 84.3671767759 78.0341277925 126.295000237 59.8958090807 88.3440167715 0 0 0 0
46.3522170411 35.8906442948 0.911922081763 92.8950197918 79.3590781884 81.6562834461 132.157308973 50.4169056553 122.713802859 0 0 0 0.4
46.0804860342 35.6802422572 0.796042538478 96.3378297826 71.4787763476 87.2145821647 120.762636756 57.6830235972 85.1335357287 0 0 0 0.4
41.4033720787 40.5311968548 0.680834398621 102.792742801 65.5101678506 94.8243247835 113.933061997 73.2401435886 70.6208667124 0 0 0 0.4
36.2583985563 44.7611148931 0.566289904538 113.840898941 61.1318887036 104.906522571 110.211928586 234.068903925 62.5266034092 0 0 0 0.4
30.7268359571 48.3318925062 0.452401432512 132.692681547 58.1508289621 103.514859929 108.784453784 226.170344697 57.1019374571 0 0 0 0.4
24.8918426004 51.2156439683 0.339161489688 383.626778519 56.4721112334 85.3615861651 109.181961797 221.491450131 53.0268962031 0 0 0 0.4
18.8372643647 53.3945562199 0.226562711097 194.68363659 56.0867348333 73.3080245582 111.142071311 219.480857959 49.7135856907 0 0 0 0
12.646498638 54.8606170877 0.226562711097 189.05369766 54.7641673514 71.5793660844 116.772010241 39.3575945481 51.4422441646 0 0 0 0
12.575299623 54.5517551638 0.226562711097 183.455454943 53.4490458437 69.8604398522 122.370252958 40.6727160558 53.1611703968 0 0 0 0
12.5049000434 54.2463611978 0.226562711097 177.888552548 52.1412867054 68.1511365862 127.937155353 41.9804751941 54.8704736627 1 0 0 0
12.4352864854 53.9443769997 0.226562711097 172.352640554 50.8408077346 66.4513488447 133.473067347 43.2809541649 56.5702614042 0 0 0 0
14.6127399404 63.3901883377 0.226562711097 165.847374882 49.3126112575 64.4539235141 139.978333019 44.809150642 58.5676867349 0 0 0 0
14.5176801849 62.9778183216 0.226562711097 159.384427692 47.7943561045 62.4694919658 146.441280209 46.327405795 60.5521182831 0 0 0 0
14.4238531846 62.5707960076 0.226562711097 152.963250188 46.2859133544 60.4978856938 152.862457713 47.8358485451 62.5237245551 0 0 0 0
14.331235063 62.1690178199 0.226562711097 146.583304205 44.7871565829 58.5389394557 159.242403696 49.3346053166 64.4826707932 0 0 0 0
14.2398025574 61.7723828444 0.226562711097 140.244061932 43.2979617987 56.5924911888 165.581645969 50.8238001008 66.4291190601 0 0 0.4 0
14.1495329991 61.3807927438 0.351750274498 141.004922972 40.5847111852 62.4084727168 178.412142391 50.7607759164 78.0565490391 0 0 0 0
21.5661517756 58.7612338635 0.351750274498 134.745544802 38.3958549198 59.0425949631 184.671520561 52.9496321818 81.4224267928 0 0 0 0
21.4311610759 58.393425079 0.351750274498 128.525346447 36.2206995335 55.6977855111 190.891718916 55.1247875681 84.7672362448 0 0 0 0
21.2978550031 58.0302063924 0.351750274498 122.34383896 34.0590740452 52.3737814374 197.073226403 57.2864130564 88.0912403185 0 0 0 0
21.1662021529 57.6714922371 0.351750274498 116.200542507 31.9108106611 49.0703247197 203.216522856 59.4346764405 91.3946970362 0 0 0 0
21.0361718983 57.3171991634 0.351750274498 110.094986146 29.7757446957 45.787162116 209.322079217 61.5697424059 94.6778596399 0 0 0 0
20.9077343651 56.9672457734 0.351750274498 104.026707603 27.653714496 42.5240450466 215.39035776 63.6917726056 97.9409767093 0 0 0 0
20.7808604093 56.6215526583 0.351750274498 97.9952530648 25.5445613666 39.2807294805 221.421812298 65.800925735 101.184292275 0 0 0 0
20.6555215945 56.2800423375 0.351750274498 92.0001769704 23.4481294984 36.0569758247 227.416888393 67.8973576033 100.016003286 0 0 0 0
20.5316901708 55.9426392011 0.351750274498 86.0410418133 133.008750134 32.8525488175 233.37602355 69.9812212029 93.5376583405 0 0 0.4 0
20.409339054 55.6092694531 0.46952096541 265.176851185 63.5580630175 34.8093288148 251.907759841 71.0952867132 81.1926082593 0 0 0 0
26.643212845 52.513075693 0.46952096541 259.288316639 100.94512631 29.9303255296 257.796294386 73.7635085337 75.6063220657 0 0 0.4 0
26.4863233657 52.2038506327 0.58591280607 223.697287791 72.2470072622 30.76999065 137.992416071 76.4526961501 66.5018319799 0 0 0 0
32.1800259774 48.4892882106 0.58591280607 217.877695758 89.740462923 23.5401315933 143.812008104 79.6769566862 61.6856931497 0 0 0 0
31.9927513546 48.2071003353 0.58591280607 212.091971376 107.132113808 26.7431870852 149.597732486 82.8824533414 56.8975822826 0 0 0.4 0
31.807650113 47.9281873395 0.70029603402 177.048174228 85.4837728895 30.2588045828 133.296829676 87.2610406101 50.2945608758 0 0 0.4 0
36.8567969554 43.7316501776 0.814025085828 151.861587217 73.8871537515 33.5285579803 123.220163965 93.5037950041 45.1825999431 0 0 0 0
41.3437282988 39.0419061606 0.814025085828 146.175134627 80.7319826166 36.634608624 128.906616555 97.8188752653 41.6779850699 0 0 0 0
41.1086291479 38.8198962121 0.814025085828 140.521017779 87.5378886868 39.7229968579 134.560733403 99.5419514703 38.1932990231 0 0 0 0
40.8761961552 38.600403983 0.814025085828 134.898869969 94.3053133689 42.7939229839 140.182881213 90.5112785296 34.7283157983 0 0 0 0
40.6463841385 38.3833868062 0.814025085828 129.308330705 98.1237100935 45.8475839093 145.773420477 81.531377367 31.2828132214 0 0 0 0.4
40.4191489321 38.1688029752 0.703457496157 139.09161129 91.4477041904 49.4776726354 170.095128955 100.067248932 29.7540722929 0 0 0 0
35.7607799039 42.1599880465 0.703457496157 133.563231806 87.8129946132 53.0336059896 175.623508439 86.1519785251 40.365242586 0 0 0 0
35.5630807419 41.9269116336 0.703457496157 128.065415303 84.1983790898 56.5698807948 181.121324943 72.3136370142 50.917750303 0 0 0 0.4
35.3675614497 41.6964051668 0.594703576728 141.546705508 79.5043148648 61.555240853 215.428343153 95.0568964491 47.3378678773 0 0 0 0.4
30.4654120329 45.0412301949 0.486541028049 163.091502784 76.3092665529 68.0421799009 328.454110281 123.828139735 44.6515598954 0 0 0 0.4
25.2868417032 47.8054376708 0.378963436216 178.506990521 74.5061451327 76.3442856908 79.5147109729 127.604183644 42.401180036 0 0 0 0
19.8995765436 49.9724065812 0.378963436216 173.12811093 72.4951901538 81.5086975992 84.8935905645 129.615138623 45.6128566438 0 0 0 0
19.7925391174 49.7036110233 0.378963436216 167.778163684 70.4950518596 86.6453307578 90.2435378105 30.560112529 48.8072580298 0 0 0 0
19.6866500773 49.4376993264 0.378963436216 162.456838373 68.5056141998 91.7544831999 95.5648631209 32.5495501888 51.9845695369 0 0 0 0.4
19.5818910079 49.1746252457 0.273663578913 153.808427622 67.9432270592 94.2251961534 95.1324438266 35.2635677928 48.9043093207 0 0 0 0.4
14.2291954903 50.6906794461 0.168918124607 147.036739031 68.684292217 83.6872862541 96.0300970954 37.9530911254 46.2433417994 0 0 0 0
8.80469184559 51.6273178746 0.168918124607 141.799466316 67.7453829174 82.5432871128 101.267369811 38.892000425 47.3873409407 0 0 0 0
8.75857927323 51.3569315313 0.168918124607 136.589622626 66.8113909419 81.4052794069 106.4772135 39.8259924005 48.5253486466 0 0 0 0
8.71294844427 51.0893699456 0.168918124607 131.406921407 65.8822649186 80.2732005434 111.659914719 40.7551184237 49.6574275101 0 0 0 0
8.66779183575 50.8245890058 0.168918124607 126.251080581 64.9579542779 79.1469889063 116.815755546 41.6794290645 50.7836391472 0 0 0 0
8.62310208073 50.5625455148 0.168918124607 121.121822449 64.0384092357 78.0265838372 121.945013678 42.5989741067 51.9040442163 0 0 0 0
8.57887196426 50.303197167 0.168918124607 116.018873606 63.1235807774 76.9119256149 127.047962521 43.5138025649 53.0187024386 0 0 0 0.4
8.53509441949 50.0465025252 0.0678954495361 111.008707913 64.9713085396 70.2812990131 128.080761668 46.3932533749 50.1848921612 0 0 0 0.4
3.42685570329 50.3949588712 -0.0326169464913 107.105583285 68.2929463955 65.7675044019 130.478708866 49.4567353277 47.6278478239 0 0 0 0
-1.6389130883 50.2294674736 -0.0326169464913 102.079963484 68.48592789 65.9533495288 135.504328667 49.2637538332 47.4420026969 0 0 0 0
-1.63067653423 49.9770332672 -0.0326169464913 97.0796005371 68.6779395329 66.1382606688 140.504691614 49.0717421903 47.257091557 0 0 0 0
-1.62252255971 49.7271299619 -0.0326169464913 92.1042412198 68.8689910479 66.3222471859 145.480050932 48.8806906753 47.0731050398 0 0 0 0
-1.61444992697 49.4797196225 -0.0326169464913 87.1536361027 69.0590920129 66.505318304 150.430656049 48.6905897102 226.798067667 0 0 0 0.4
-1.6064574229 49.2347650694 -0.130653550452 83.9307929522 74.1140271785 63.6616690905 153.862018313 51.9094156765 254.219772355 0 0 0 0
-6.38620980139 48.6005170078 -0.130653550452 79.0289627542 74.9188393244 64.3529779623 158.763848511 51.1046035305 244.448234959 0 0 0 0
-6.35490568533 48.3622855259 -0.130653550452 74.1511604954 75.7197064179 65.0408981555 163.64165077 50.303736437 234.72459598 0 0 0 0
-6.32390771203 48.1263838603 -0.130653550452 69.2971511915 76.5166670401 65.7254628099 168.495660073 49.5067758149 225.04838699 0 0 0 0.4
-6.29321140516 47.8927779453 -0.226795843866 66.4360174219 81.2917736198 64.1504254677 173.30728415 52.8485291039 259.590754598 0 0 0 0.4
-10.8091136184 46.8401345908 -0.32247597025 64.1681123667 70.1322841061 63.7106723384 179.743186442 56.6782607037 315.335415109 0 0 0 0.4
-15.1612753745 45.3740826381 -0.417698362305 62.5153338946 61.1970586983 64.3028149263 157.62689882 61.2450692017 455.244724001 0 0 0 0.4
-19.3138518422 43.5178252465 -0.512467389162 61.5371514471 53.9550364302 65.8780435867 134.34640999 66.9651542451 458.845821464 0 0 0 0.4
-23.2340086203 41.2973722689 -0.606787357597 61.3444484902 48.0452850252 68.434019913 119.595971664 74.5996943273 466.384090851 0 0 0 0.4
-26.8920978045 38.7411820557 -0.70066251321 62.1255184963 43.2172101534 72.0124787098 109.948666186 85.7182693455 149.755087877 0 0 0 0.4
-30.2617952991 35.8797987118 -0.794097041581 64.1955670012 39.2952000768 76.7017926866 103.630876748 104.179433138 112.142723011 0 0 0 0.4
-33.320200397 32.7454885207 -0.887095069397 68.0961433713 36.157106339 77.0893466406 99.639808515 438.852898528 93.4915636437 0 0 0 0.4
-36.0478989428 29.3718790041 -0.979660665554 74.812433511 33.7210352358 61.3936933857 97.3729418042 213.991032989 82.1441131737 0 0 0 0.4
-38.4289916577 25.7936038226 -1.07179784223 86.3085843016 31.9374845182 50.6975044812 96.4538211364 213.266296273 74.3679517694 0 0 0 0.4
-40.4510894259 22.0459564498 -1.16351055594 107.095586843 30.7852550417 43.2046995076 96.6430323069 214.025770721 68.5979539969 0 0 0 0.4
-42.1052775312 18.1645552683 -1.25480270856 150.25016839 30.2704182327 37.9075254844 97.7898630173 216.217475955 64.0613150014 0 0 0 0.4
-43.3860509888 14.185022454 -1.34567814832 183.560808637 30.4282503255 34.2008681102 99.8050098627 219.851057319 60.3313279997 0 0 0 0
-44.2912232417 10.1426787261 -1.34567814832 179.017036649 29.9270374628 33.6375128456 104.348781851 221.653941018 61.7158752589 0 0 0 0
-44.0899740222 10.0965927066 -1.34567814832 174.493910525 29.4281019971 33.0767173389 108.871907975 223.448632824 63.094131451 0 0 0 0.4
-43.8905495089 10.0509245444 -1.43532601712 224.72487924 30.2725338487 30.6636033603 111.53577741 228.59236187 59.7365796038 0 0 0 0.4
-44.4132540396 6.05375592318 -1.52457204891 401.229449349 31.9443588524 29.1814243977 115.078124273 235.383676867 56.8065153927 0 0 0 0.4
-44.5753517401 2.06193222077 -1.61341983798 404.117341969 34.612294082 28.4733554006 119.521293088 222.599012857 54.1846423761 0 0 0 0
-44.383546786 -1.89292907671 -1.61341983798 399.674952516 35.5700862379 29.2612707115 123.963682541 230.872614 53.9711246298 0 0 0 0
-44.1863777858 -1.88451994854 -1.61341983798 395.252297886 36.523623508 30.0456857958 128.386337171 239.109460585 53.7585554125 0 0 0 0.4
-43.9909566976 -1.87618536766 -1.70109398822 401.288501954 40.5636465143 29.9642548603 114.672566304 218.103539405 51.3958388259 0 0 0 0
-43.4654797523 -5.69571989737 -1.70109398822 396.904794441 42.1143152372 31.1097296095 119.056273816 59.0915691388 50.7791846599 0 0 0 0
-43.2749398022 -5.67075152727 -1.70109398822 392.540303821 43.658186282 32.2501829325 123.420764437 58.3771164682 50.1652337254 0 0 0 0
-43.0860667333 -5.64600158542 -1.70109398822 388.194861978 45.1953191161 33.3856587576 127.766206279 57.6657820195 49.553962374 0 0 0 0
-42.8988387361 -5.62146721388 -1.70109398822 383.868303001 46.7257724289 34.5162004386 132.092765257 56.9575386333 48.9453472667 0 0 0 0
-42.7132343803 -5.59714560444 -1.70109398822 379.560463136 48.2496041451 35.6418507643 136.400605122 56.2523595039 48.3393653685 0 0 0 0
-42.5292326065 -5.57303399748 -1.70109398822 375.271180756 49.7668714384 36.7626519686 140.689887502 55.5502181733 47.7359939434 1 0 0 0
-42.3468127184 -5.54912968095 -1.70109398822 371.000296318 51.2776307438 37.8786457401 144.960771939 54.8510885251 47.1352105486 1 0 0 0
-52.081187002 -6.82472285538 -1.70109398822 365.747652335 53.1356723022 39.2511759632 150.213415923 53.9912480882 46.3963234797 0 0 0 0
-61.7228556955 -8.08816788197 -1.70109398822 359.52259862 55.3376887613 40.8777995056 156.438469637 52.9722273965 45.5206479708 0 0 0 0
-61.3386276034 -8.03781860246 -1.70109398822 353.3362962 57.5259975497 42.4942972291 162.624772058 51.9595501633 44.650423589 0 0 0 0
-60.959168303 -7.98809422578 -1.70109398822 347.188264116 59.7007687981 44.1007948088 168.772804141 50.9531376577 43.7855826783 0 0 0 0
-60.5843893805 -7.93898316619 -1.70109398822 341.078030332 61.8621694831 45.6974155899 174.883037926 49.9529126085 42.9260588374 0 0 0 0
-60.2142045976 -7.89047412304 -1.70109398822 335.005131504 64.0103635046 47.2842806447 180.955936754 48.9587991682 42.071786888 0 0 0.4 0
-59.8485298251 -7.84255607198 -1.58110228411 317.975385359 59.5468443912 50.9071432526 204.386037497 44.2311037181 43.7078355559 0 0 0 0
-59.9926659208 -0.618303745202 -1.58110228411 311.975800154 60.2323909963 51.777628056 210.385622702 44.1592769648 43.6368585361 0 0 0 0
-59.6327348099 -0.6145941792 -1.58110228411 306.012209971 59.4424052299 52.6428903116 216.349212885 44.0878811421 43.566307349 0 0 0 0
-59.277109618 -0.610928991386 -1.58110228411 300.084184196 58.6571306149 53.5029924977 222.27723866 44.0169110949 43.4961769002 0 0 0 0
-58.9257133843 -0.607307388579 -1.58110228411 294.191299911 57.876511128 54.3579959759 228.170122946 43.94636176 43.4264621866 0 0 0 0
-58.5784709739 -0.603728596412 -1.58110228411 288.33314171 57.1004917415 55.2079610175 234.028281146 43.8762281641 43.3571582937 0 0 0 0
-58.2353090238 -0.600191858785 -1.58110228411 282.509301528 56.3290183992 56.0529468295 239.852121329 43.8065054219 43.2882603939 1 0 0 0
-57.8961558911 -0.59669643732 -1.58110228411 276.719378459 55.5620379945 56.8930115791 245.642044397 43.7371887339 43.2197637445 0 0 0 0
-67.5604105435 -0.696299359684 -1.58110228411 269.9629786 54.667030196 57.8733032495 252.398444256 43.6563014309 43.1398333643 0 0 0 0
-67.1039453952 -0.691594882789 -1.58110228411 263.25222768 53.778069428 58.8469716774 259.109195176 43.5759606349 43.0604430257 0 0 0 0
-66.6536275319 -0.686953761793 -1.58110228411 256.586510938 52.8950742544 59.814106059 265.774911918 43.4961589859 42.9815854559 0 0 0 0
-66.2093333309 -0.682374722602 -1.58110228411 249.965225976 52.0179648764 59.9608705455 272.396196881 43.4168892721 42.9032535283 0 0 0 0
-65.7709424678 -0.677856525112 -1.58110228411 243.387782428 51.1466630897 58.9565249551 278.973640428 43.3381444257 42.8254402587 0 0 0 0
-65.3383378066 -0.673397962085 -1.58110228411 236.853601644 50.2810922412 57.9587853911 285.507821213 43.2599175191 42.7481388015 0 0 0 0
-64.9114052952 -0.668997858061 -1.58110228411 230.362116378 49.4211771891 56.9675652379 291.999306478 43.1822017613 42.671342446 0 0 0 0
-64.4900338642 -0.664655068322 -1.58110228411 223.912770493 48.5668442629 55.9827795756 298.448652363 43.1049904941 42.595044613 0 0 0 0
-64.0741153297 -0.660368477893 -1.58110228411 217.505018671 47.7180212253 55.0043451367 304.856404186 43.0282771891 44.2305887745 0 0 0 0
-63.6635443004 -0.656137000575 -1.58110228411 211.138326132 46.874637235 54.0321802629 311.223096725 42.9520554439 46.0491928011 0 0 0 0
-63.2582180879 -0.651959578029 -1.58110228411 204.812168366 46.0366228113 53.0662048639 317.54925449 42.8763189791 47.856218335 0 0 0 0
-62.8580366203 -0.647835178882 -1.58110228411 198.526030873 45.203909799 52.1063403777 323.835391983 42.8010616352 49.6518123403 0 0 0 0
-62.4629023596 -0.643762797874 -1.58110228411 192.279408905 44.3764313352 51.1525097316 330.082013951 42.7262773692 51.4361189947 0 0 0 0
-62.0727202215 -0.639741455039 -1.58110228411 186.071807222 43.5541218166 50.204637305 336.289615634 42.6519602524 53.2092797601 0 0 0 0
-61.687397499 -0.635770194906 -1.58110228411 179.902739859 42.7369168679 49.2626488929 342.458682998 42.7579150491 54.9714334497 0 0 0 0
-61.3068437883 -0.631848085746 -1.58110228411 173.771729887 41.9247533116 48.3264716707 348.589692969 44.1200989763 56.7227162944 0 0 0 0
-60.9309709177 -0.627974218831 -1.58110228411 167.678309198 41.1175691382 47.3960341604 354.683113658 45.4739313403 58.4632620066 0 0 0 0
-60.559692879 -0.624147707735 -1.58110228411 161.622018286 40.3153034775 46.4712661973 360.739404571 46.8195142342 60.1932018415 0 0 0.4 0
-60.1929257613 -0.620367687644 -1.46143475369 152.700154451 37.8700615903 50.4523363403 368.943615996 46.7023507504 69.9936435801 0 0 0.4 0
-59.4763171526 6.53047913112 -1.34248323915 146.079110657 35.4120187734 55.1426478736 163.717601479 47.9336464252 85.2463470006 0 0 0.4 0
-57.9323368368 13.4614282774 -1.22423919775 141.502228748 32.8766975043 61.0461268558 113.05697753 50.4610769024 109.755920137 0 0 0 0
-55.6070803541 20.0814826623 -1.22423919775 135.590026678 30.1485414837 55.9804307501 118.9691796 53.6551013747 116.703118184 0 0 0 0
-55.2783200585 19.9627568789 -1.22423919775 129.712778742 178.009077725 50.9446840634 124.846427536 56.8302421289 123.609242992 0 0 0 0
-54.953435666 19.8454308073 -1.22423919775 123.870072848 174.043761252 45.9385337085 130.689133429 59.9867217937 130.474778793 0 0 0 0
-54.6323589036 19.7294797917 -1.22423919775 118.061504167 170.101612956 40.9616328177 136.49770211 63.1247590762 137.300201287 0 0 0.4 0
-54.3150230947 19.6148797533 -1.10940958658 114.914531386 171.361817812 44.2480516427 108.548018116 67.0430450341 158.138954616 0 0 0.4 0
-51.4112835928 25.5605128997 -0.995239267394 113.288564408 174.540817176 48.5919143275 97.4002229697 72.5392564952 135.502841313 0 0 0.4 0
-47.8881252314 31.0715771694 -0.881720691293 113.2889693 179.973416343 55.6652775389 93.4132932749 79.8613584233 118.637002023 0 0 0 0
-43.8087527484 36.0889174486 -0.881720691293 107.613040494 174.14883384 37.0826806347 99.0892220799 84.7138517762 112.69312963 0 0 0 0
-43.5600973867 35.8840793225 -0.881720691293 101.969327857 168.357311253 36.2772680667 104.732934717 89.5388027222 106.782994233 0 0 0 0
-43.3142567146 35.6815598905 -0.881720691293 96.3574667123 162.598474355 40.0328688608 110.344795862 94.3365230316 100.906213941 0 0 0.4 0
-43.0711831203 35.481319931 -0.770736138281 97.0185720728 169.307133101 43.0997800486 107.388301814 104.493342395 89.3586186202 0 0 0.4 0
-38.6594453209 39.8100494761 -0.66036746382 99.4858067367 179.133328998 46.1324475567 106.441284185 117.689670945 80.429837567 0 0 0.4 0
-33.8504644943 43.5827618344 -0.550607851573 104.31868948 193.356696208 49.2050970293 107.12454357 134.941003359 73.5417373291 0 0 0 0
-28.7134076607 46.7689356371 -0.550607851573 98.8307088674 184.897376495 51.2883387419 112.612524182 141.854018673 69.6728655989 0 0 0 0
-28.5558290361 46.5122686251 -0.550607851573 93.3728461863 176.484481364 53.3601476644 118.070386863 148.729095494 65.8252261618 0 0 0.4 0
-28.3999752425 46.25841105 -0.442635643089 99.9503053486 194.890574274 56.5981757051 119.814996463 155.234014418 60.8018829518 0 0 0.4 0
-23.1234677423 48.7832419055 -0.335246334495 102.208555431 235.048021505 60.0869919942 122.985975934 117.635597206 57.0813730589 0 0 0.4 0
-17.6656379535 50.7054349726 -0.228433649081 97.8694112402 291.976916109 63.9353659051 127.556104368 94.3487064471 54.5290595764 0 0 0 0
-12.0939806618 52.0189683969 -0.228433649081 92.5287769695 284.362056457 64.312362643 132.896738639 90.4487277499 52.2750576008 0 0 0 0
-12.0293911342 51.7411541116 -0.228433649081 87.2166650732 269.908875285 64.6873459791 138.208850535 86.5695774126 50.0330934254 0 0 0.4 0
-11.9654896625 51.4662993113 -0.123314172393 83.7416327669 305.170072461 69.0329365721 144.213789622 72.3292960622 48.5292562417 0 0 0.4 0
-6.46494677553 52.1606226763 -0.0187472009241 81.1569373649 346.253987864 74.0839509499 151.892734197 62.6188590558 48.0522793847 0 0 0.4 0
-0.980111598455 52.2742982909 0.0852730579689 79.4811464974 408.766735391 80.1362081286 161.475249243 55.9488627454 48.6589367652 0 0 0.4 0
4.42968981473 51.8211483199 0.188752306149 78.7927595279 483.949841933 87.6531042697 173.313290684 51.456687243 50.4771261531 0 0 0.4 0
9.70808715232 50.8206822546 0.291696156589 79.2498051623 468.646077625 189.764287406 187.926865715 48.6172619096 53.7294643844 0 0 0.4 0
14.8021492846 49.2976212651 0.394110135211 81.1285939898 194.143640756 184.80844432 206.082415772 47.1026207865 58.7776832 0 0 0.4 0
19.6628025567 47.2813911592 0.495999682683 84.8993753919 127.517534208 181.868672314 158.609661962 46.7087218137 55.1231045168 0 0 0.4 0
24.245183473 44.8055917198 0.597370156161 91.3811131227 101.007637735 180.628630061 122.786940355 47.3156263196 51.1853129352 0 0 0.4 0
28.5089260999 41.9074498854 0.698226830994 102.086253964 86.4835227187 180.898438334 103.234617297 48.8657237587 48.2541573643 0 0 0.4 0
32.4183852343 38.6272638611 0.798574902384 120.091174488 77.1255135741 182.581776446 91.6430339795 51.3527351405 46.2493342534 0 0 0.4 0
35.9427970297 35.0078448295 0.898419487002 168.301825226 70.4554734448 185.65895156 84.5766611993 54.8180981313 45.1387032022 0 0 0.4 0
39.0563793465 31.0939624645 0.997765624567 247.93217075 65.3544535283 190.180891618 80.3665733103 56.3337179573 44.9360148518 0 0 0.4 0
41.7383745925 26.9317999514 1.09661827938 288.499441368 61.2415663684 196.272155166 78.1128812478 50.9469521969 45.7045644568 0 0 0.4 0
43.9730382451 22.568423701 1.19498234182 352.761845495 57.7837124932 204.143289464 77.2960389348 47.3108701802 47.5679132898 0 0 0.4 0
45.7495766065 18.0512724051 1.29286262983 440.391345606 54.7746397597 214.115144692 77.6039229298 45.0393241386 50.730842796 0 0 0 0
47.062037628 13.4276695402 1.29286262983 435.497331206 54.8735809995 214.41379384 82.49793733 45.5883860649 51.3492884499 0 0 0 0
46.8317153382 13.3619543321 1.29286262983 430.627268182 54.9720380195 214.710981395 87.3680003533 46.1347608742 51.9647074219 0 0 0 0
46.603641933 13.2968807724 1.29286262983 425.780922673 55.0700155476 215.006721628 92.2143458628 46.6784748038 52.5771292647 0 0 0 0
46.3777845822 13.232439494 1.29286262983 420.958064228 55.1675182427 215.301028601 97.0372043074 47.2195537078 53.1865830996 0 0 0 0
46.1541110921 13.1686213114 1.29286262983 416.158465747 55.2645506961 215.593916173 101.836802789 47.7580230649 53.793097625 0 0 0 0
45.9325898907 13.1054172166 1.29286262983 411.381903412 55.3611174327 215.885398003 106.613365124 48.2939079852 54.3967011242 1 0 0 0
45.7131900118 13.0428183743 1.29286262983 406.628156624 55.4572229122 216.175487552 111.367111912 48.8272332178 54.9974214736 1 0 0 0
55.1121252892 15.7245084008 1.29286262983 400.897007945 55.5730883163 54.4718427507 117.098260591 49.4702136581 55.7216539141 1 0 0 0
64.4125137127 18.3780811877 1.29286262983 394.198705331 55.7085064641 54.6045774299 123.796563205 50.2216995826 56.5681034341 0 0 0 0
73.5973034112 20.9986715209 1.29286262983 386.545269975 55.8632343257 54.7562391785 131.449998561 51.0803423278 57.5352509426 0 0 0 0
73.0340312072 20.8379595458 1.29286262983 378.950409691 56.0167779876 54.9067401936 139.044858845 51.9324135062 58.4949964501 1 0 0 0
72.4793479442 20.6796981545 1.29286262983 371.413231311 56.1691555069 55.0560981746 146.582037225 52.7780133231 59.4474528245 1 0 0 0
81.9561165079 23.3835954568 1.29286262983 362.8905571 56.3414565841 55.224984905 155.104711436 53.7341764106 61.5967810759 1 0 0 0
91.7315654027 26.1727117803 1.29286262983 353.351327083 56.534309152 55.4140158744 164.643941453 54.8043874032 64.566039944 1 0 0 0
101.50578091 28.9614761955 1.29286262983 342.795669518 56.7477106178 55.6231885412 175.199599018 55.9886319112 67.8516803756 1 0 0 0
111.287464869 31.7523714982 1.29286262983 331.222807758 56.9816766827 55.8525182956 186.772460778 57.2869970673 71.4539441168 0 0 0 0
114.551772911 32.6837389415 1.29286262983 319.310488308 57.2225054909 56.0885748001 198.684780228 58.6234461517 75.1618702389 0 0 0 0
114.740722554 32.7376497684 1.29286262983 307.378519851 57.4637315388 56.3250206725 210.616748685 60.1523876138 78.8759124717 0 0 0 0
113.866719828 32.4882806299 1.29286262983 295.537439553 61.6467065201 56.5596654901 222.457828983 62.9632173634 82.5616641118 0 0 0 0
112.654883142 32.1425212159 1.29286262983 283.822379004 68.0959779685 56.7918130794 234.172889532 65.7441326077 86.2081898126 0 0 0 0
111.355842082 31.7718807815 1.29286262983 272.242406649 74.4708818601 57.0212837385 245.752861887 68.4929806837 84.0578682002 0 0 0 0
110.052246673 31.3999409069 1.29286262983 260.797996098 80.7711574673 57.2480680824 257.197272438 71.2096491662 80.8206800986 0 0 0 0
108.769666038 31.0339969361 1.29286262983 249.486962009 86.9980078448 57.4722094161 268.508306527 73.8946568104 77.6212191212 0 0 0 0
107.515081539 30.6760407805 1.29286262983 238.306393045 93.1530357166 60.0789202648 279.688875491 76.5486947082 74.4586617613 0 0 0 0
106.289700623 30.326416947 1.29286262983 227.253252304 99.2379129306 64.0033533244 290.742016231 79.1724837578 71.3321489951 0 0 0 0
105.093044663 29.9849888748 1.29286262983 216.324552659 105.254283934 67.8836033992 301.670715877 81.7667330421 68.2408358777 0 0 0 0
103.924196324 29.6514948311 1.29286262983 205.517402374 111.20374066 71.7206972037 312.477866162 84.3321289996 65.1839044476 0 0 0 0
102.782161583 29.3256512026 1.29286262983 194.829013086 117.087818132 75.5156247506 323.16625545 86.6786591396 62.1605659826 0 0 0 0
101.665967812 29.0071804808 1.29286262983 184.256697573 122.907995698 79.2693401415 333.738570963 82.5086035339 59.1700603702 0 0 0 0
100.574686828 28.6958178375 1.29286262983 173.797865137 128.665699564 82.9827632072 344.197403399 78.3833092429 56.2116548005 0 0 0 0
99.5074377862 28.3913119518 1.29286262983 163.45001668 134.362305512 86.6567812562 354.545251856 74.3017905431 53.2846423736 0 0 0 0
98.4633851367 28.0934244257 1.29286262983 153.210739992 139.999141491 90.2922507469 364.784528544 70.263095983 50.3883407674 0 0 0 0
97.4417356283 27.8019289301 1.29286262983 143.077705356 145.577490036 93.8899988489 374.91756318 66.2663066479 47.5220909933 0 0 0 0
96.4417353427 27.516610358 1.29286262983 133.048661452 151.098590523 97.4508248958 384.946607083 62.3105345469 44.6852562391 0 0 0 0
95.462666959 27.2372640446 1.29286262983 123.121431559 156.563641262 100.975501736 394.873836977 58.3949211114 41.8772207926 0 0 0 0
