0,0,0
25,-99997.6,-99997.6
26,-99997.5,-99997.5333333
27,-99997.4,-99997.48
29,-99997.2,-99997.4333333
31,-99997.0,-99997.3714286
32,-99996.9,-99997.3125
33,-99996.8,-99997.2555556
48,-99996.8,-99997.33
54,-99996.8,-99997.3818182
56,-99996.8,-99997.35
57,-99996.8,-99997.3230769
58,-99996.8,-99997.3
60,-99996.8,-99997.28
62,-99996.8,-99997.2625
64,-99996.8,-99997.2470588
70,-99993.1,-99997.0166667
79,-99993.1,-99997.0157895
80,-99993.1,-99997.07
82,-99993.1,-99997.0904762
83,-99993.1,-99997.0166667
85,-99993.1,-99997.016
93,-99993.1,-99997.0153846
95,-99993.1,-99997.0357143
105,-99993.1,-99997.0766667
107,-79.929842998,-173.195806733
108,-79.929842998,-173.195806733
122,-79.929842998,-173.195806733
123,-79.929842998,-173.195806733
1113,-79.929842998,-173.028955173
1133,-91.2420455336,-177.013533711
1140,-91.2420455336,-175.829758776
1240,-124.10640857,-177.053247019
1351,-124.10640857,-179.208811418
1661,-127.426550363,-180.29590374
1843,-90.0489069204,-176.400252539
2115,-102.230237588,-176.643879153
2122,-72.6973860816,-173.963218273
2142,-72.6973860816,-173.534907367
2191,-102.230237588,-175.856831754
2214,-102.230237588,-175.676002132
2242,-90.1197371032,-173.379844817
3560,-90.1197371032,-173.307459727
3747,-87.9403136545,-170.983076739
3847,-87.9403136545,-170.561468949
3895,-87.9403136545,-169.824374717
4246,-37.3791141954,-166.536001923
4424,-37.3791141954,-164.434070135
4897,-37.3791141954,-164.397186892
5564,-37.3791141954,-163.995546474
5587,-37.3791141954,-163.646834735
5891,-37.3791141954,-162.852437646
5899,-37.3791141954,-162.098276293
6250,-87.9403136545,-163.764152292
6465,-87.9403136545,-163.594374249
6494,-62.0621299606,-160.927127977
6566,-62.0621299606,-159.610641197
6646,-62.0621299606,-158.008220845
6772,-87.9403136545,-2156.30097825
6901,-87.9403136545,-164.822873842
7553,-90.1197371032,-173.772909492
7688,-90.1197371032,-173.3097988
7768,-90.1197371032,-168.352566523
7802,-90.1197371032,-167.664556454
8051,-90.1197371032,-164.257836926
8138,-90.1197371032,-163.911084355
8372,-90.1197371032,-162.020922698
8600,-95.6343103176,-163.397129048
8650,-95.6343103176,-166.067905778
8760,-95.6343103176,-163.761353267
8873,-102.230237588,-165.644625412
9095,-113.512321539,-2163.35002066
9140,-127.426550363,-168.223840588
9153,-129.508894817,-169.603785126
9166,-129.508894817,-2166.07170942
9181,-129.508894817,-171.701077776
9189,-129.508894817,-171.050204034
9374,-136.718004105,-174.780745964
9602,-136.718004105,-172.658464379
9764,-136.718004105,-172.407375087
10018,-137.502703845,-172.176699331
10103,-137.502703845,-2168.16716534
10142,-137.502703845,-171.556128636
10155,-137.502703845,-170.609779736
10168,-129.60639545,-169.301030991
10191,-116.421109465,-167.75762867
10219,-125.209392935,-167.413541529
10249,-125.209392935,-2163.9052707
10376,-92.2007932213,-165.909286563
10635,-125.209392935,-2163.1072707
10764,-125.209392935,-169.217783797
10766,-125.209392935,-167.14119054
11020,-111.186871446,-166.86074011
11144,-111.186871446,-166.073469737
11221,-85.4165629252,-163.971827147
11251,-85.4165629252,-163.719813476
11486,-64.9451209343,-161.222757543
11768,-64.9451209343,-159.095674547
11809,-64.9451209343,-157.325979918
12107,-64.9451209343,-156.573439453
12223,-64.9451209343,-155.130965341
12253,-64.9451209343,-154.990407604
12313,-64.9451209343,-153.154109585
12466,-83.2423575777,-2150.46120717
12522,-83.2423575777,-153.863524518
12577,-85.4165629252,-2152.06267737
12768,-94.2493144429,-155.903651496
12789,-94.2493144429,-2152.47757847
12811,-82.1720810949,-154.429020088
13024,-94.2493144429,-158.108695291
13857,-100.415867599,-2155.797709
14072,-100.415867599,-164.417299728
14379,-100.415867599,-161.044377676
14387,-100.415867599,-158.354014726
14447,-100.853270345,-156.877587178
14496,-100.853270345,-2153.64403543
14525,-100.853270345,-157.459833163
14547,-100.853270345,-157.206247132
14815,-55.0427094647,-154.609983031
14817,-55.0427094647,-152.831271566
14859,-55.0427094647,-150.848167765
15074,-55.0427094647,-149.914979536
15436,-84.7875924517,-163.484596263
16156,-84.7875924517,-159.675709176
16438,-84.7875924517,-153.221630301
16451,-84.7875924517,-151.149367767
16975,-95.6841067976,-2149.32361592
17158,-95.6841067976,-171.004979747
17521,-95.6841067976,-167.822622993
17553,-100.853270345,-185.746824306
17602,-100.853270345,-182.891651752
17900,-100.853270345,-172.922361548
17945,-100.853270345,-160.446323558
17977,-100.853270345,-156.311647057
18555,-110.750336714,-164.685204578
18666,-110.750336714,-163.684184957
19104,-110.750336714,-163.301492694
19162,-111.186871446,-172.042509025
19282,-111.186871446,-166.273543715
19314,-111.186871446,-161.397718652
19373,-111.186871446,-159.687300061
20119,-114.761617899,-164.730313206
20348,-116.66989983,-169.102581668
20424,-116.76212101,-172.73488071
20537,-116.76212101,-170.530149484
20559,-116.76212101,-168.463286402
21026,-116.76212101,-166.10050173
21108,-116.76212101,-163.595192653
21136,-127.835513579,-163.208424685
21358,-127.835513579,-2159.44625619
21377,-127.835513579,-163.389310901
21426,-127.835513579,-161.814894719
21639,-129.60639545,-166.477073698
21729,-131.63769375,-2163.70694579
21951,-135.718371462,-2204.46550195
22028,-135.718371462,-2169.47202266
22138,-135.718371462,-178.022592342
22379,-135.718371462,-175.63916897
22478,-135.718371462,-175.621213684
22552,-117.476048606,-170.31412026
22617,-135.718371462,-2167.64659929
22662,-135.718371462,-171.785102309
22694,-135.718371462,-167.725798072
22731,-135.718371462,-164.939334208
22953,-135.718371462,-164.101593665
23140,-135.718371462,-163.404270747
23480,-137.502703845,-165.126301904
23555,-139.544087776,-165.918628868
25708,-141.148164573,-171.07858193
25961,-141.148164573,-168.392572701
26085,-141.148164573,-168.047229347
26168,-141.148164573,-166.822804199
26298,-114.253753102,-164.671480674
26509,-114.253753102,-163.467822914
26595,-114.253753102,-162.420242486
26679,-114.253753102,-161.064198776
26710,-114.253753102,-160.636870694
26963,-66.3063133566,-158.330830162
27083,-66.3063133566,-157.971979701
27170,-66.3063133566,-157.066502389
27542,-66.3063133566,-155.896838396
27965,-66.3063133566,-154.830105474
28024,-66.3063133566,-153.067716067
28085,-66.3063133566,-152.375441318
28259,-90.9369395038,-154.634130712
28369,-97.5204025738,-154.765799974
28544,-77.3509291104,-152.728002895
28548,-77.3509291104,-152.379551661
28613,-77.3509291104,-151.420705365
28967,-77.3509291104,-151.035044874
29112,-77.3509291104,-149.184989614
29316,-77.3509291104,-147.614546964
29546,-77.3509291104,-146.24308639
29550,-77.3509291104,-145.277075483
29969,-77.3509291104,-144.951397061
30037,-77.3509291104,-144.242587345
30089,-83.985730313,-145.581452781
30114,-83.985730313,-148.041094926
30373,-97.5204025738,-159.692384372
31375,-97.5204025738,-156.513713318
31483,-97.957344861,-151.679796069
31543,-96.5798318951,-150.577796785
31554,-96.5798318951,-147.880939999
31764,-96.5798318951,-146.866719716
31963,-96.5798318951,-146.334708739
32041,-96.5798318951,-144.977073586
32267,-96.5798318951,-144.652697004
32377,-93.5282521046,-143.150435052
32485,-93.5282521046,-142.387997286
32556,-93.5282521046,-141.047199926
32802,-93.5282521046,-140.494266141
32935,-96.5798318951,-2137.8497011
32965,-96.5798318951,-141.106278362
33043,-96.5798318951,-141.037800382
33428,-97.957344861,-2180.67965042
33487,-102.675103608,-2181.96453791
33547,-106.80622032,-2182.7035933
33558,-106.80622032,-2141.20935512
33611,-106.80622032,-2141.20135512
33672,-106.80622032,-2141.18535512
33804,-107.991684293,-2146.16004939
33824,-114.253753102,-154.133141189
33914,-114.253753102,-2150.83247836
33937,-114.253753102,-158.555020744
34705,-114.253753102,-158.498641969
34826,-116.950668803,-162.076028494
34916,-116.950668803,-161.553533679
34983,-121.662418618,-2159.0825203
34994,-124.128863155,-166.973087606
35047,-124.128863155,-170.437021463
35432,-124.128863155,-169.61250774
35483,-124.128863155,-168.407629976
35553,-125.53141288,-169.432105945
35770,-125.53141288,-165.088116771
35828,-125.53141288,-161.911874542
35947,-125.53141288,-158.142902058
35985,-125.53141288,-155.101569393
35996,-125.53141288,-151.917351162
36049,-126.942117807,-153.45435624
36104,-126.942117807,-2149.71926912
36434,-126.942117807,-152.974107001
36535,-126.942117807,-150.057646324
36555,-126.942117807,-149.1508586
36681,-129.083980759,-2146.32201624
36830,-129.083980759,-157.866027977
36987,-129.083980759,-157.313964098
37009,-129.083980759,-157.304423825
37668,-129.083980759,-156.158097563
37683,-129.083980759,-155.963375645
37868,-129.083980759,-149.766431064
37878,-129.083980759,-149.199621334
38053,-129.083980759,-148.873113545
38670,-129.441894319,-156.713068864
38870,-129.441894319,-166.306936828
38880,-129.441894319,-165.943290948
39314,-129.441894319,-165.309772069
39506,-129.441894319,-162.60735113
39882,-129.441894319,-158.668680556
39960,-133.91216777,-159.759252672
39993,-133.91216777,-159.246791795
40057,-121.61216991,-152.65049155
40176,-121.61216991,-149.24755324
40309,-121.61216991,-148.457998558
40316,-121.61216991,-148.274643476
40460,-121.61216991,-148.22015009
40884,-121.61216991,-147.583102317
40940,-98.6751296488,-146.335597313
40962,-98.6751296488,-145.772469902
41206,-121.61216991,-154.530831514
41311,-121.61216991,-151.664167603
41318,-121.61216991,-151.440650777
41650,-122.770880207,-156.519627005
42172,-126.464970858,-157.208376939
42208,-97.3798414063,-156.011806229
42320,-97.3798414063,-151.477745921
42481,-100.40878605,-146.966433866
42489,-100.40878605,-2143.65910519
42644,-100.40878605,-147.138657876
42652,-100.40878605,-146.360330781
43032,-126.464970858,-148.474091468
43093,-108.446353668,-147.673536712
43133,-108.446353668,-147.254840575
43174,-108.446353668,-146.660543938
46047,-108.446353668,-146.333111093
46220,-108.446353668,-146.136448974
46302,-91.4514567568,-144.781866747
46478,-91.4514567568,-143.629278441
46621,-91.4514567568,-143.495085187
46694,-91.4514567568,-143.190787167
47252,-108.446353668,-2182.94574076
47478,-108.446353668,-2146.1478648
47480,-108.446353668,-149.109246853
47630,-108.446353668,-148.235756466
47689,-108.446353668,-146.077214451
47696,-108.446353668,-145.32587101
47901,-126.464970858,-2142.80094394
48051,-129.48657539,-158.041706315
48052,-129.48657539,-2154.56887219
48252,-129.48657539,-169.037273894
48451,-130.145673305,-2166.05554239
48480,-130.145673305,-181.233512706
48691,-130.145673305,-179.472270421
48874,-132.760461358,-183.315822285
48891,-132.760461358,-172.612367355
48895,-132.760461358,-163.090333257
48903,-132.760461358,-153.411574915
49053,-133.91216777,-157.462993508
49054,-133.91216777,-157.452926996
49285,-133.91216777,-157.435397126
49693,-134.136208854,-160.824683237
49718,-134.136208854,-160.140095883
49980,-135.522604429,-156.945418028
50013,-135.522604429,-2153.61650967
50055,-135.522604429,-157.188905809
50056,-135.522604429,-154.520338464
50287,-135.522604429,-152.353480531
50520,-135.522604429,-152.173167284
50930,-136.006927161,-153.359872523
50982,-136.114287516,-155.673823006
51057,-136.114287516,-153.512481928
51289,-136.114287516,-152.073971171
51412,-110.586478767,-150.388543419
51664,-54.9373610442,-147.659704489
51785,-54.9373610442,-146.947710229
51932,-54.9373610442,-144.99766066
51979,-54.9373610442,-143.514520399
52095,-54.9373610442,-143.407144573
52414,-72.4456276421,-144.56921023
52860,-94.9627940365,-2142.97229768
52934,-94.9627940365,-147.358265288
52981,-94.9627940365,-145.844201264
52986,-110.586478767,-145.866111121
53002,-110.586478767,-2142.6667889
53097,-110.586478767,-145.420787699
53187,-112.121869079,-2141.66505812
53214,-112.121869079,-146.353073081
53217,-112.121869079,-145.777061512
53293,-85.6888662828,-144.332199474
53789,-85.6888662828,-143.490900141
53988,-85.6888662828,-143.043317127
54066,-112.121869079,-2141.2315398
54169,-112.121869079,-146.818128799
54930,-113.040643921,-153.112067418
54990,-113.040643921,-152.467507997
55040,-113.040643921,-150.60370611
55171,-113.040643921,-149.214681747
55222,-113.040643921,-148.69078806
55294,-115.655774333,-2146.30997518
55527,-115.655774333,-2145.96597518
55793,-115.655774333,-150.469172409
55844,-115.655774333,-148.358847065
56023,-115.655774333,-147.509283769
56270,-123.599939992,-149.068045385
56427,-129.178672189,-2146.46204658
56529,-135.022582437,-150.795042687
56640,-135.022582437,-2146.69114183
57158,-102.069982345,-149.82054148
57190,-102.069982345,-149.310807373
57531,-135.022582437,-153.347728772
58192,-135.022582437,-152.938914322
58295,-135.022582437,-151.209367411
58474,-136.195179349,-156.031996575
58516,-136.195179349,-154.741083428
59239,-113.171624094,-152.293968007
59254,-113.171624094,-151.458925663
59391,-136.195179349,-156.19022429
59518,-136.195179349,-155.55923604
59572,-136.812249674,-2152.57933245
59607,-136.812249674,-2152.57533245
59641,-136.812249674,-160.340487361
60446,-134.502522702,-155.525382907
60570,-119.117274347,-151.398180702
60574,-119.117274347,-150.476811415
60609,-109.555117555,-148.796036664
60930,-109.555117555,-148.03711684
61114,-119.117274347,-148.72630149
61203,-119.117274347,-2145.28777546
61392,-119.117274347,-148.84504902
61484,-119.117274347,-148.058687929
61793,-127.212281081,-151.187164554
61932,-136.812249674,-154.952889528
61948,-136.812249674,-154.475828266
62116,-136.812249674,-154.028951443
62183,-138.466198558,-2151.16070645
62266,-138.466198558,-156.290337329
62531,-138.646129633,-158.145662913
62578,-138.646129633,-156.376409971
62750,-138.646129633,-154.345511043
62798,-138.646129633,-153.103759524
62888,-138.646129633,-151.982197106
63162,-138.888818077,-156.128034969
63461,-138.888818077,-155.790105241
63533,-138.888818077,-155.694778309
63799,-138.888818077,-155.535067186
64041,-138.888818077,-152.996929531
64044,-139.780164608,-152.398559197
64125,-139.780164608,-2149.18458801
64223,-139.780164608,-155.986518412
64259,-139.780164608,-154.87040429
64535,-140.446210845,-158.432448548
64582,-140.446210845,-157.58750435
65127,-132.654057089,-154.720769215
65225,-54.3287907942,-150.294641678
65261,-132.654057089,-151.599524931
65369,-132.654057089,-2148.28153443
65499,-140.446210845,-2188.95148295
65529,-140.446210845,-2149.81447777
65537,-137.011928147,-153.296716338
65722,-137.011928147,-152.615005608
65931,-140.446210845,-154.21823548
66048,-141.148164573,-154.133533293
66103,-141.888923921,-154.419355301
66263,-141.888923921,-154.419355301
66436,-141.888923921,-154.8027077
66501,-137.300146992,-153.56369084
66531,-137.300146992,-152.656507231
66539,-137.300146992,-154.393824935
66797,-137.300146992,-152.490313989
66873,-78.6584149351,-151.317479348
66933,-78.6584149351,-149.784942337
67050,-78.6584149351,-148.382059235
67105,-78.6584149351,-146.785128212
67265,-67.5160409317,-144.663709526
67533,-67.5160409317,-143.409352722
67573,-67.5160409317,-142.089824724
67822,-67.5160409317,-141.642848453
67875,-67.5160409317,-141.018072338
68052,-78.6584149351,-141.798134415
68061,-78.6584149351,-2138.59217173
68145,-78.6584149351,-141.882643156
68298,-78.6584149351,-141.582400071
68467,-78.6584149351,-140.202806924
68535,-78.6584149351,-139.893415644
68560,-78.6584149351,-2136.91154733
68756,-78.6584149351,-139.049394586
68824,-78.6584149351,-138.481566414
69054,-86.4015006772,-140.05415355
69919,-95.3078056955,-141.913567039
70056,-95.3078056955,-141.414249059
70466,-97.6923627704,-2139.18209295
70539,-97.6923627704,-148.11813472
70857,-101.780279181,-147.74895696
70893,-101.780279181,-151.89096784
70972,-106.329000906,-156.975036235
71304,-107.725318258,-160.269199467
71422,-95.1198947988,-154.931865232
71468,-95.1198947988,-149.788999551
71503,-98.8404148902,-2147.81860166
71541,-107.725318258,-151.592436973
71590,-107.725318258,-2148.38858823
71841,-107.725318258,-2147.48858823
71859,-107.725318258,-150.841963366
71948,-106.788555183,-145.880744451
71974,-106.788555183,-143.926864058
72121,-106.788555183,-143.819712791
72245,-107.725318258,-143.532099456
72270,-107.725318258,-2140.01945747
72495,-107.725318258,-142.879218664
72543,-107.725318258,-142.122364512
72861,-110.888059855,-142.919151055
72914,-110.888059855,-142.63097019
72976,-110.888059855,-142.198957731
73247,-88.7947881645,-140.881579935
73404,-88.7947881645,-140.605565728
73412,-63.6352835402,-139.066160084
73497,-63.6352835402,-138.478664368
73634,-63.6352835402,-137.27858048
73863,-63.6352835402,-136.009792238
73916,-63.6352835402,-134.912485386
74877,-88.7947881645,-2133.31177971
74980,-88.7947881645,-140.552098004
75024,-88.7947881645,-139.608419071
75378,-88.7947881645,-137.503957509
75543,-90.5235493028,-137.388582137
75547,-90.5235493028,-138.044844061
75658,-90.5235493028,-137.215803267
75867,-99.0178083093,-138.445149195
75879,-99.0178083093,-139.996387038
75982,-107.587322535,-139.874260213
76026,-107.587322535,-140.332658273
77624,-110.888059855,-2138.04091182
77871,-110.888059855,-144.055817082
77986,-110.888059855,-142.61062657
78122,-115.097102321,-146.371510735
78271,-115.097102321,-2141.74008052
78280,-115.097102321,-153.103966094
78422,-115.097102321,-149.744204355
78578,-115.097102321,-148.19228694
78988,-115.097102321,-148.158404665
79032,-115.097102321,-146.805628217
79124,-116.861368488,-147.048018825
79273,-116.861368488,-147.029836947
79282,-116.861368488,-146.745219028
79424,-116.861368488,-146.202217224
79551,-116.861368488,-146.162582315
79744,-116.861368488,-144.556148295
80126,-98.7950294595,-144.194821514
80275,-98.7950294595,-144.071241395
80284,-86.9056274502,-141.987002507
80426,-86.9056274502,-140.828183198
80714,-74.5834432111,-138.938967099
80938,-86.9056274502,-2136.88929823
80939,-98.7950294595,-140.64560468
81005,-106.175345026,-2179.31101224
81065,-119.445064172,-2181.16019613
81104,-98.709962821,-2139.51119146
81128,-98.709962821,-142.90375756
81277,-98.709962821,-141.788343502
81286,-98.709962821,-141.510285337
81716,-98.709962821,-140.406083229
81789,-64.7522405145,-138.623619916
81941,-64.7522405145,-137.186452077
82007,-64.7522405145,-135.80127049
82067,-64.7522405145,-134.499317221
82178,-64.7522405145,-133.981990503
82394,-81.9376001122,-2132.43494569
82718,-81.9376001122,-137.937660102
82781,-81.9376001122,-135.475056586
83217,-81.9376001122,-135.341554259
83281,-81.9376001122,-134.185658322
83363,-83.6939010166,-133.931161842
83434,-83.6939010166,-134.719361593
83821,-86.4905918444,-136.114110229
84219,-87.481572829,-138.890405438
84440,-93.7305635557,-2136.99277398
84722,-93.7305635557,-142.186147163
84971,-98.709962821,-2140.17353589
85100,-98.709962821,-2140.00753589
85107,-98.709962821,-2138.68353589
85113,-98.709962821,-144.650768401
85238,-98.709962821,-142.81445607
85285,-98.709962821,-140.558047837
85435,-112.484940651,-2179.80629329
85438,-108.444080811,-2138.37904904
85442,-108.444080811,-140.94396634
85765,-91.8846442096,-140.612777608
85973,-91.8846442096,-139.64408864
86102,-91.8846442096,-138.083509795
86109,-91.8846442096,-136.933370761
86115,-91.8846442096,-136.060080403
86208,-95.3122070691,-2134.13438752
86240,-95.3122070691,-137.813577584
86348,-95.3122070691,-136.721703291
86437,-95.3122070691,-136.515352675
86440,-95.3122070691,-136.177296263
86502,-95.3122070691,-135.904308629
87111,-111.020225376,-136.722550785
87180,-111.020225376,-136.430240349
87242,-111.020225376,-136.284714461
87311,-112.484940651,-2133.73230995
87350,-112.484940651,-138.753443153
88694,-116.788524608,-144.917734768
88835,-116.788524608,-143.515108768
88886,-116.788524608,-142.325096126
88966,-116.788524608,-139.772199732
89044,-109.319154212,-137.269449617
89115,-52.1626304449,-135.044246833
89494,-109.319154212,-136.46004784
89663,-98.8613362072,-135.485610935
89968,-109.319154212,-136.212277655
90046,-107.801035167,-135.428054857
90691,-109.319154212,-138.989600149
90698,-116.788524608,-138.114505068
90714,-116.788524608,-2135.23221497
91040,-116.788524608,-139.715596847
91159,-116.788524608,-139.224746154
91168,-116.788524608,-137.494196425
91242,-116.788524608,-136.577290181
91506,-116.788524608,-136.554590126
91693,-116.788524608,-136.405514506
91700,-116.788524608,-136.357898102
91716,-117.145865069,-136.224908839
91765,-117.145865069,-2132.98441066
92042,-117.145865069,-136.566133063
92653,-107.885627436,-136.38092831
92694,-107.885627436,-135.771074846
92695,-107.885627436,-135.561840222
92718,-107.885627436,-135.219047386
92878,-94.841796778,-134.196793461
93163,-89.6670114944,-133.073424558
93172,-86.411080597,-131.887507544
93310,-86.411080597,-131.31233904
93655,-73.1735013198,-129.872427017
93697,-73.1735013198,-128.628345868
94046,-82.7935137956,-129.350547778
94174,-82.7935137956,-128.555540708
94312,-82.7935137956,-127.137751855
94657,-82.7935137956,-126.278507922
94699,-82.7935137956,-125.806775571
94980,-82.7935137956,-125.082844911
95034,-68.6674674716,-124.800323984
95048,-68.6674674716,-124.330428107
95314,-68.6674674716,-124.085050002
95709,-68.6674674716,-123.573904375
96009,-68.6674674716,-122.114134451
96355,-68.6674674716,-121.889314847
96582,-68.6674674716,-120.566467315
96774,-69.9525270677,-121.396087893
96792,-69.9525270677,-2118.77816614
96839,-69.9525270677,-121.154610653
97011,-76.5761217772,-121.565415501
97052,-86.411080597,-123.113780405
97078,-86.411080597,-124.172236042
97318,-86.411080597,-123.698317569
97776,-86.411080597,-123.112835492
97794,-86.411080597,-122.727554603
97841,-86.411080597,-122.61662322
98013,-86.411080597,-122.199648517
98320,-86.411080597,-121.461436119
98359,-86.411080597,-121.278625247
98707,-94.841796778,-122.467857395
98736,-94.841796778,-2118.86650025
98816,-94.841796778,-123.45893261
98824,-101.341231992,-123.081352426
98843,-101.341231992,-123.738146459
99082,-101.341231992,-122.955916449
99241,-98.1161265087,-122.141312437
99405,-79.3689146234,-120.98613476
99738,-101.341231992,-130.373785089
99826,-101.341231992,-137.352426805
99845,-101.341231992,-137.219878844
100481,-101.341231992,-135.875108917
100711,-102.494924759,-129.506990766
100740,-102.494924759,-130.11471532
100832,-102.494924759,-124.439156959
101439,-105.049158971,-2121.31125846
101666,-105.049158971,-135.967802749
101742,-105.049158971,-135.801301785
101757,-105.049158971,-135.674038402
102041,-105.049158971,-132.524983749
102088,-105.049158971,-132.13356732
102192,-105.049158971,-124.661464761
102225,-105.049158971,-123.685566822
102713,-97.9112925445,-123.542809494
102971,-107.885627436,-124.194487711
103043,-107.885627436,-126.303683166
103155,-108.742268952,-125.540222431
103194,-108.742268952,-128.706020685
103227,-108.742268952,-126.327535819
104563,-109.283596857,-140.53558349
104762,-109.322225883,-137.271410407
104800,-109.322225883,-147.949746769
104944,-109.479576177,-146.156252622
105047,-109.479576177,-151.838081087
105105,-109.479576177,-147.238381949
105159,-110.776456371,-144.008236194
105190,-110.776456371,-2140.99207147
105192,-110.776456371,-2140.95607147
105236,-110.776456371,-146.260911506
105347,-111.098321531,-140.966620067
105348,-67.4506738322,-139.496301142
105764,-111.098321531,-142.075813406
105802,-111.098321531,-136.853621274
105815,-111.098321531,-137.099107088
106161,-111.098321531,-133.440169501
106192,-111.098321531,-131.216741811
106238,-111.098321531,-129.975701048
106349,-111.098321531,-129.54254111
106350,-111.098321531,-128.781865344
106440,-113.07184205,-2126.38189891
106442,-113.07184205,-2126.37589891
106561,-113.07184205,-2125.53789891
106766,-113.07184205,-142.069197261
106804,-113.07184205,-141.19094498
107442,-113.610314876,-138.711650683
107563,-113.610314876,-143.660107204
107686,-113.610314876,-137.293742957
107806,-113.610314876,-132.148466721
107819,-113.610314876,-129.46517895
107825,-113.610314876,-129.357043747
107946,-74.6188616407,-127.551303143
108165,-74.6188616407,-126.262915626
108196,-74.6188616407,-125.304136141
108287,-74.6188616407,-125.001021866
108444,-74.6188616407,-124.448907911
108718,-74.6188616407,-123.559457704
108821,-74.6188616407,-122.550656649
108827,-74.6188616407,-122.26613199
110110,-74.6188616407,-121.815816094
110150,-74.6188616407,-121.211633933
110339,-91.7518045098,-2160.85989397
110704,-91.7518045098,-2120.81373127
110722,-91.7518045098,-123.773182494
110757,-94.4305842032,-123.746399717
110834,-94.4305842032,-2121.11947172
110878,-94.4305842032,-124.269569091
111040,-94.4305842032,-123.708357477
111105,-76.9567215905,-122.550727249
111112,-76.9567215905,-121.553591207
111293,-84.5174468068,-122.788099924
111326,-84.5174468068,-121.9950509
111341,-84.5174468068,-121.142768328
112042,-91.4125707288,-121.511272813
112149,-91.4125707288,-122.998796053
112210,-80.9552808257,-120.700152973
112295,-85.5379402257,-120.531377306
112343,-85.5379402257,-120.648446642
112410,-91.4125707288,-120.756858553
112838,-91.3237553685,-120.168196489
112990,-91.3237553685,-120.055579549
113044,-91.3237553685,-119.406721318
113151,-94.4305842032,-120.741305725
113181,-94.4305842032,-121.383542668
113212,-94.4305842032,-120.285060962
113297,-94.4305842032,-119.829837592
113345,-94.4305842032,-119.645486327
113412,-94.4305842032,-119.0902544
113869,-94.4305842032,-118.561979646
114037,-94.4305842032,-117.853507493
114146,-78.8672219063,-116.847400708
114153,-57.4891227624,-115.419769864
114214,-57.4891227624,-114.402386002
114414,-57.4891227624,-114.063914437
114871,-57.4891227624,-113.755874055
115039,-57.4891227624,-112.41313761
115148,-56.9324577287,-111.009719614
115155,-56.9324577287,-110.986182576
115216,-56.9324577287,-109.645236203
115288,-56.9324577287,-109.551024913
115409,-56.9324577287,-109.275839866
115873,-56.9324577287,-109.106191739
115972,-57.4891227624,-2107.80754258
116041,-57.4891227624,-109.685513193
116218,-57.4891227624,-108.958989418
116912,-57.4891227624,-108.565827506
117043,-59.7533897685,-110.938164825
117094,-59.7533897685,-109.993208129
117251,-59.7533897685,-109.492440692
117380,-59.7533897685,-109.017240617
117413,-59.7533897685,-108.506298796
117773,-60.5260567568,-109.018147933
117914,-60.5260567568,-108.457081669
117976,-60.5260567568,-108.202914699
117998,-60.5260567568,-107.149073441
118111,-60.5260567568,-106.525751649
118253,-60.5260567568,-105.85174486
118256,-60.5260567568,-105.401281868
118382,-60.5260567568,-104.9337375
119310,-71.3663558911,-111.647994504
119361,-71.3663558911,-106.378421122
119572,-71.3663558911,-105.434067987
119913,-67.209212616,-104.341366485
119918,-67.209212616,-103.335491665
119980,-71.3663558911,-103.632818686
119991,-71.3663558911,-104.061934185
120269,-65.7729235059,-103.950065538
120312,-65.7729235059,-103.577947565
120363,-65.7017773117,-102.479075143
120430,-65.7017773117,-101.588294152
120574,-65.7017773117,-101.177023654
120915,-65.7017773117,-100.90525972
120952,-65.7017773117,-100.234008754
120982,-65.7017773117,-99.5127052596
121194,-65.7017773117,-98.6083875081
121296,-65.7017773117,-98.0994664233
121307,-65.7017773117,-97.1785812672
121384,-71.3805385891,-100.640687671
121396,-71.3805385891,-2098.42987392
121432,-71.3805385891,-100.869510475
121576,-71.3805385891,-98.952459372
121917,-71.5122629081,-103.157382285
121954,-71.5122629081,-100.086806761
121984,-73.2063108691,-100.203478736
121986,-73.2063108691,-2098.13740916
122196,-73.2063108691,-100.063017249
122347,-73.2063108691,-99.7618393339
122367,-73.2063108691,-98.9512170423
122386,-75.9493573544,-98.6623602113
122533,-75.9493573544,-98.826150964
122605,-65.3186209836,-97.8244514551
123030,-75.9493573544,-2096.43207904
123198,-75.9493573544,-99.4001395944
123647,-76.7833774183,-102.528487747
123662,-76.7833774183,-104.370896588
124169,-77.8804455551,-2102.24122904
124200,-77.8804455551,-118.006004581
124351,-77.8804455551,-113.770321928
124432,-77.8804455551,-112.67810147
124649,-77.8804455551,-112.041349625
124820,-77.8804455551,-105.148018218
124992,-77.8804455551,-104.211051202
125034,-77.8804455551,-102.715151265
125171,-77.8804455551,-102.551522927
125994,-78.8672219063,-121.470559052
126436,-78.8672219063,-120.448651812
126611,-83.3798894493,-143.037898852
126969,-83.3798894493,-139.023624072
126996,-83.3798894493,-138.45306417
127175,-83.3798894493,-136.183498121
127280,-85.3458465957,-132.194421173
127357,-85.3458465957,-142.535709541
127376,-85.5425811186,-138.64612132
127377,-85.5425811186,-149.402154256
127438,-85.5425811186,-146.520877302
127453,-85.5425811186,-143.638431243
127685,-85.5425811186,-138.363373831
127971,-85.5425811186,-129.163181787
127998,-85.5425811186,-119.915724985
128177,-85.5425811186,-112.773841413
128282,-85.5425811186,-107.232189073
128378,-85.5425811186,-105.88914924
128440,-85.5425811186,-105.558906046
128455,-85.8985304262,-105.701586623
128510,-85.8985304262,-106.290298725
128627,-86.1541966731,-2104.34032812
128687,-86.1541966731,-107.741362137
129906,-89.2523412964,-110.225616529
130161,-89.2523412964,-109.198910909
130181,-89.2523412964,-108.708960612
130202,-89.2523412964,-108.632629484
130286,-89.2523412964,-108.610996776
130749,-89.2523412964,-108.421232106
131044,-89.3808008869,-2106.13218528
131183,-89.3808008869,-108.787037839
131221,-89.3808008869,-108.20528595
131384,-89.3808008869,-107.502778479
131533,-92.0058086057,-108.133996275
131589,-67.31113034,-106.654057088
131910,-67.31113034,-105.816460713
132046,-67.31113034,-105.262898351
132131,-92.0058086057,-2103.59867574
132185,-92.0058086057,-109.625888186
132223,-92.0058086057,-109.60279978
132849,-92.0058086057,-109.365168444
133117,-92.0058086057,-107.133316593
133851,-92.4188653643,-116.319159333
134172,-92.4188653643,-114.661465047
134189,-92.4188653643,-114.447569943
134244,-92.4188653643,-113.397849556
134283,-85.806656808,-107.009333557
134390,-85.806656808,-106.821354187
135648,-85.806656808,-106.58787546
135721,-85.806656808,-105.814722334
135855,-85.806656808,-105.795439031
136012,-80.218093321,-104.728401792
136193,-85.806656808,-105.459509745
136394,-85.806656808,-104.907556821
136419,-85.4338341251,-104.219154844
136570,-79.940681969,-103.457332026
136576,-72.9889703248,-102.581641613
136650,-79.940681969,-103.042985825
136723,-79.940681969,-102.384029956
137195,-82.6916654724,-114.565928911
137396,-82.6916654724,-114.171840171
137725,-85.4338341251,-126.240638541
137859,-85.4338341251,-124.22607869
138052,-85.4338341251,-113.148212245
138184,-85.4338341251,-104.500252999
138466,-85.4338341251,-104.411821007
138610,-85.4338341251,-104.193228758
139277,-85.806656808,-105.593132399
139647,-85.806656808,-105.447840705
139706,-85.806656808,-105.255190435
139735,-92.4188653643,-105.520012229
139752,-92.4188653643,-2103.26161198
139834,-92.4188653643,-2103.03761198
139863,-93.1804043838,-106.078808558
139933,-93.1804043838,-106.344462371
140188,-93.1804043838,-105.553596992
140279,-93.1804043838,-105.250444596
140938,-93.3440444852,-112.980782182
141710,-94.4305842032,-116.784633163
141739,-94.4305842032,-111.985300709
141756,-94.4305842032,-109.482281759
141937,-94.4305842032,-107.129387377
142108,-87.7771703025,-105.717217863
142320,-87.7771703025,-105.168028043
142421,-94.4305842032,-105.927992305
142903,-94.4305842032,-105.689669582
142939,-94.4305842032,-105.679050594
142973,-75.809082373,-104.808002257
143183,-75.809082373,-104.351705684
143434,-94.4305842032,-2102.76152404
143479,-94.4305842032,-2101.68552404
143714,-94.4305842032,-107.704719584
144425,-94.4305842032,-106.236822796
144822,-94.6264509299,-110.612633203
144896,-94.6283121908,-2108.64410418
144987,-94.6283121908,-118.746862693
145148,-94.6283121908,-114.549461888
145438,-94.6283121908,-113.685403686
145655,-94.6283121908,-113.122648997
145685,-71.9029591532,-109.160344291
145718,-71.9029591532,-105.792012559
145874,-71.9029591532,-105.667449745
146470,-94.6283121908,-108.166116149
146720,-94.6283121908,-107.895103866
146779,-94.6283121908,-107.449746832
146876,-94.6283121908,-106.438032756
147270,-94.9135641335,-107.013899934
147330,-92.9018877817,-105.651581419
147786,-92.9018877817,-105.409010915
147878,-92.9018877817,-105.280512472
148231,-94.9135641335,-105.681887725
148691,-77.5048530368,-105.333713503
148788,-77.5048530368,-104.989609338
148968,-59.1101622116,-103.871503912
149274,-59.1101622116,-103.636863961
149523,-59.1101622116,-102.902590306
149693,-59.1101622116,-102.224954346
151527,-77.1455645226,-109.976026898
151850,-77.1455645226,-107.420196195
151923,-77.1455645226,-106.658176832
152951,-77.5048530368,-112.780657974
153002,-77.5048530368,-110.230872591
153018,-79.7285168501,-110.59088169
153046,-79.7285168501,-2108.19106406
153118,-79.7285168501,-113.158103041
153939,-96.0561809074,-113.647621363
154020,-96.0561809074,-116.609222979
154048,-96.0561809074,-115.332583879
154142,-96.1821531158,-113.10915837
154146,-96.1821531158,-2110.6529752
154168,-96.1821531158,-2110.5529752
154355,-96.1821531158,-112.978397905
154372,-96.1821531158,-110.37379422
154408,-96.1821531158,-107.74975024
154533,-96.1821531158,-109.261139694
154929,-81.4396197445,-106.932017146
154941,-74.5095756834,-104.755824201
155122,-74.5095756834,-104.439408784
155144,-74.5095756834,-103.900209066
155251,-74.5095756834,-103.428571595
155374,-74.5095756834,-102.870301593
155387,-74.5095756834,-102.744442107
155410,-72.4774613074,-101.940413784
155931,-74.5095756834,-101.958106691
155943,-74.5095756834,-102.032756472
156150,-74.5095756834,-101.95579654
156200,-74.5095756834,-101.748862427
156253,-74.5095756834,-102.742633138
156422,-74.5095756834,-101.550176511
156537,-68.215569564,-100.672851345
156583,-68.215569564,-100.140859455
156933,-62.7867502197,-99.1707315418
156945,-62.7867502197,-98.4855848223
157152,-68.215569564,-99.1305387227
157199,-68.215569564,-98.3531958115
157202,-68.215569564,-97.6859696991
157984,-68.215569564,-97.1115631595
158072,-68.215569564,-96.7499917658
158204,-68.215569564,-96.1415791075
159461,-68.215569564,-95.903607149
159589,-68.215569564,-95.531326579
160081,-70.8595652009,-97.7488971617
160208,-70.8595652009,-95.6465041688
161021,-70.8595652009,-95.420403779
162523,-73.9744490538,-2093.54321247
162538,-73.9744490538,-97.271043463
162640,-74.5095756834,-96.0756896288
162670,-74.5095756834,-2094.06017584
162730,-74.5095756834,-95.799166919
163147,-75.578596585,-101.404112563
163214,-75.578596585,-96.1349816858
163363,-75.578596585,-95.3570857318
163525,-75.578596585,-95.2861021645
163642,-75.578596585,-95.0284152108
164216,-76.219774372,-95.1551395751
164365,-77.6661452616,-95.8891279116
164734,-72.1778552527,-95.2139129426
164943,-72.1778552527,-94.6358374703
165195,-72.1778552527,-94.4319332481
165218,-76.0140664487,-94.5086574721
165367,-76.0140664487,-94.0032983041
165530,-76.7868221036,-94.2741890516
165539,-75.8288039145,-93.6979086043
165736,-74.3103493453,-93.6675395129
165945,-76.7868221036,-2091.68933253
166016,-76.7868221036,-2091.53733253
166122,-76.7868221036,-98.2784118175
166197,-76.7868221036,-94.5005329212
166203,-76.7868221036,-93.9245938258
166489,-76.7868221036,-93.7263085098
166636,-54.1714024438,-92.7251846644
166861,-54.1714024438,-92.138659011
166947,-54.1714024438,-92.0560513336
167124,-54.1714024438,-91.811774609
167247,-54.1714024438,-90.9256137905
167638,-58.7139158275,-91.6502529962
168224,-74.4934994319,-93.023405546
168322,-74.4934994319,-92.322253612
168341,-74.4934994319,-91.8989161346
168493,-72.2519057677,-91.2995648006
168736,-72.2519057677,-91.175721524
168909,-74.4934994319,-2089.57268341
168951,-74.4934994319,-91.9392473332
169223,-59.5616172105,-90.9219157528
169468,-59.5616172105,-90.4714928251
169495,-59.5616172105,-89.9969090338
169528,-59.5616172105,-89.3003541101
169828,-65.4425509858,-89.4637695658
169867,-44.5567644559,-88.3529682101
169911,-44.5567644559,-88.0019137066
169983,-65.4425509858,-2086.96277842
170113,-58.4460623439,-88.2796996644
170492,-58.4460623439,-87.7642040616
170497,-58.4460623439,-87.0306973125
170740,-62.7289664802,-87.9828138459
170747,-62.7289664802,-87.7661276785
170817,-65.4425509858,-2086.42554835
170913,-65.4425509858,-90.2262484827
170923,-67.7323899966,-89.3573875726
170960,-67.7323899966,-2087.47823982
170972,-73.7846721012,-90.0591715201
171037,-73.7846721012,-2087.81998809
171189,-73.7846721012,-92.3094890163
171227,-73.7846721012,-90.7315175198
171563,-73.7846721012,-90.3727994068
171925,-74.4934994319,-91.4461791822
172560,-76.7868221036,-93.0020591498
172565,-76.7868221036,-92.4741575671
172805,-76.7868221036,-92.0286535837
172819,-76.7868221036,-91.1123288983
172927,-76.7868221036,-90.5815119074
173032,-69.7420890241,-89.8615423707
173140,-69.7420890241,-89.2901731553
173193,-65.6224392141,-88.5602258711
173925,-65.6224392141,-88.2791751373
173966,-65.6224392141,-87.9059862528
174066,-65.6224392141,-87.5268229466
174142,-65.6224392141,-87.1023322335
174195,-65.6224392141,-86.9804787058
174306,-69.7420890241,-2084.99002992
174397,-69.7420890241,-87.4163570628
174451,-76.6100009229,-2125.14611035
174564,-76.6100009229,-2084.45719082
174614,-65.7772057962,-87.4027349392
175304,-76.6100009229,-2085.76919082
175308,-76.6100009229,-88.4697384765
175399,-76.7868221036,-89.1077473281
175453,-77.3656466647,-89.2099937434
175566,-77.3656466647,-90.8524404262
175660,-77.3656466647,-89.7188244628
175960,-77.3656466647,-89.1270098253
176070,-77.3656466647,-88.7749407689
176242,-71.0597267852,-88.6488223713
176395,-71.0597267852,-88.2434831645
176401,-71.0597267852,-88.2862348368
176455,-71.0597267852,-87.8093614843
176568,-71.0597267852,-87.7215113828
177072,-71.0597267852,-87.5700233044
177292,-55.2390379893,-86.7457219164
177308,-71.0597267852,-87.3103881785
177323,-71.0597267852,-2085.50418041
177372,-71.0597267852,-2084.74618041
177397,-71.0597267852,-87.0320933885
177536,-73.3956486806,-87.9247167714
177609,-66.5305184778,-86.9415092224
178292,-73.3956486806,-2084.49489885
178310,-73.3956486806,-87.6078298551
178399,-74.2674805141,-88.3107996679
178666,-77.3722917279,-88.7672973704
179342,-77.6661452616,-90.4909230183
179376,-78.6846384289,-90.4902083567
179414,-78.6846384289,-92.0702895726
179752,-79.7030249575,-94.4215035016
179830,-79.9723325594,-2092.591443
179977,-79.9723325594,-2092.535443
180078,-79.9723325594,-97.8236067976
180314,-79.9723325594,-96.5887616825
180378,-79.9723325594,-96.2215501265
180652,-80.0555933201,-2094.15210348
180716,-80.0555933201,-96.8076024684
180754,-80.0555933201,-96.1593092611
181654,-80.0761844103,-103.440316808
181655,-80.0761844103,-101.909716838
181756,-80.0761844103,-100.775620977
181832,-80.0761844103,-100.331465772
182080,-80.0761844103,-96.5168312847
182318,-62.0411037755,-96.156129672
182534,-62.0411037755,-94.4257022195
182629,-62.0411037755,-92.5886519766
182656,-62.0411037755,-91.4448193127
182688,-62.0411037755,-90.8479172809
182782,-49.9559085882,-89.4300619255
182834,-49.9559085882,-89.2879051503
182840,-62.0411037755,-89.611413132
182864,-62.0411037755,-2087.76118487
182871,-62.0411037755,-2087.64318487
183006,-77.6417570048,-2128.74934979
183213,-77.6417570048,-2089.21813503
183320,-77.6417570048,-93.7004765119
183342,-77.6417570048,-92.8668389832
183667,-77.6417570048,-92.3395229546
183842,-77.6417570048,-91.7070932922
183939,-80.370262008,-91.4265063219
184008,-80.370262008,-92.5036242345
184713,-81.0796820708,-2090.77621899
184844,-81.0796820708,-100.006261411
184941,-81.0796820708,-99.5803361695
185071,-81.4396197445,-101.475156527
185157,-81.4396197445,-96.8427537603
185217,-81.4396197445,-96.1442493407
186219,-82.0263534875,-101.199288982
186326,-82.0263534875,-107.092049458
186472,-82.0263534875,-103.674611732
186673,-82.2495541392,-105.803989395
186689,-82.2495541392,-102.151470046
186717,-82.2495541392,-99.2988680894
186956,-82.2495541392,-98.115166251
187075,-82.2495541392,-97.5582862207
187184,-82.2495541392,-96.0081686379
187221,-82.2495541392,-94.7193369958
187700,-82.2495541392,-93.5157047273
187768,-82.2495541392,-92.9117218126
187958,-75.9006614684,-91.8435321478
188186,-75.9006614684,-91.0603631439
188283,-81.4086784954,-2089.33034991
188491,-71.5680454607,-90.9737108238
188702,-71.5680454607,-90.6761832279
188774,-71.5680454607,-90.4416745001
188814,-71.5680454607,-90.8826492997
189225,-71.5680454607,-90.6623749788
189729,-81.4086784954,-94.2189615761
189776,-81.4086784954,-93.335585678
190778,-82.2495541392,-98.906300373
190912,-82.3353286533,-104.266425944
191192,-82.3353286533,-102.031214489
191333,-82.3353286533,-98.7005644853
191417,-82.3353286533,-97.0618971777
192744,-83.6015006451,-2135.81274314
192822,-83.6015006451,-2102.22072158
192940,-83.6015006451,-2100.88272158
193196,-83.6015006451,-112.770753288
193337,-83.6015006451,-112.53613467
193444,-83.6015006451,-112.303108233
193703,-83.6015006451,-105.69181437
193712,-83.6015006451,-99.7956506684
193737,-83.6015006451,-98.0269873561
193746,-59.2204357955,-95.5369294219
193824,-83.6015006451,-94.8669742634
193841,-83.6015006451,-2092.71363478
193942,-83.6015006451,-94.764907799
194198,-78.0380289287,-93.0975987777
194264,-76.0434931915,-91.795375851
194339,-78.0380289287,-92.538927519
194446,-78.0380289287,-92.1133379159
194705,-83.6015006451,-94.6804328496
194739,-83.6015006451,-92.2662810165
194748,-83.6015006451,-91.8386321272
194826,-76.7531979848,-91.5369234444
195025,-83.6015006451,-91.4697246213
195057,-83.6015006451,-2089.34433013
195200,-83.6015006451,-91.5129774945
195339,-76.7500664888,-91.0184448555
195597,-80.3532126782,-90.9118130377
195707,-80.3532126782,-92.3129595498
195750,-80.3532126782,-90.7840602083
195828,-80.3532126782,-90.7161788985
196439,-83.6015006451,-91.9005147262
196486,-83.6015006451,-91.4759744588
196599,-83.6015006451,-91.0140927857
196752,-82.5330834045,-90.7061205638
197868,-83.6015006451,-2088.9854589
197953,-83.6015006451,-91.5452429623
198277,-83.6015006451,-90.7691365003
198867,-69.8454673104,-90.2239222721
198955,-69.8454673104,-89.8328402303
199475,-77.5382635488,-91.9140000233
199791,-83.6015006451,-96.1150269561
199869,-83.6133489828,-94.4514880222
199872,-83.6133489828,-96.7024690431
199957,-83.6133489828,-95.9661425472
200105,-70.4260689021,-93.5034104029
200382,-70.4260689021,-91.8625931263
200477,-70.4260689021,-91.8173443178
200488,-70.4260689021,-90.4013476255
200591,-70.4260689021,-90.2180204412
200793,-70.4260689021,-91.1918481166
200871,-70.4260689021,-89.8550439475
200959,-72.0691957567,-90.1896171255
201353,-46.9626834694,-89.2052568541
201384,-46.3081077963,-88.2083379277
201593,-46.9626834694,-88.3752888857
201873,-54.6556556928,-91.8190294762
201901,-54.2354248725,-88.5207437137
201961,-54.2354248725,-88.3868767493
202184,-54.2354248725,-87.8158780753
202534,-54.2354248725,-87.0967438127
202963,-54.6556556928,-90.822156459
203150,-54.6556556928,-89.356444052
203345,-54.6556556928,-88.782993764
203545,-59.408005131,-89.4037992042
203778,-59.408005131,-88.4502638632
203877,-58.5181681759,-87.7156490859
203965,-58.5181681759,-87.2118519941
204152,-59.408005131,-90.805030844
204347,-59.408005131,-87.6523727608
205373,-59.408005131,-87.6303812971
205849,-59.408005131,-87.3461723896
205881,-63.8673797608,-87.4353598822
205992,-63.8673797608,-86.9285850731
206149,-63.8673797608,-86.6708190862
206156,-63.8673797608,-86.6469161479
207883,-66.9660009488,-88.9701297852
207910,-66.9660009488,-88.5003896501
207973,-66.9660009488,-87.2837940782
208153,-66.9660009488,-87.0835051701
208471,-68.976651298,-87.3981484379
208548,-68.976651298,-87.2372065074
208606,-70.0277260506,-87.3665664465
208618,-70.0277260506,-2085.48123512
208885,-70.0277260506,-89.0245935773
209023,-72.0691957567,-90.8715513727
209155,-72.0691957567,-89.141675552
209331,-71.3840302284,-87.3218438402
209381,-71.3840302284,-87.0141290207
210333,-72.0691957567,-96.5941079495
210622,-72.0691957567,-96.1397273763
210760,-78.1508215659,-89.5779925471
210825,-78.1508215659,-2087.3824327
210832,-63.047672702,-89.0473861502
210889,-78.1508215659,-87.6514013217
210950,-78.1508215659,-2085.6503733
210979,-78.1508215659,-93.1525629782
211159,-78.1508215659,-87.6032767914
211177,-63.94717315,-87.0177291324
211345,-63.94717315,-86.7290970231
211762,-63.94717315,-86.6392395857
211891,-51.2024490876,-85.8164062469
212008,-51.2024490876,-85.7610406331
212277,-51.2024490876,-85.0102222431
212347,-51.2024490876,-84.7118214286
212530,-54.599066285,-86.3751423315
212576,-54.599066285,-85.5889555798
212764,-54.599066285,-84.8429679219
212836,-57.7597737536,-85.0496159311
212965,-57.7597737536,-86.5897132442
213566,-63.94717315,-2085.31451777
213578,-71.6964174462,-2126.32405541
213626,-71.6964174462,-4083.67957431
213686,-71.6964174462,-2088.23277028
213766,-76.9162343275,-94.9688495028
213838,-76.9162343275,-97.2191247744
213967,-76.9162343275,-93.9840945923
214341,-76.9162343275,-91.7939501031
214388,-76.9162343275,-91.217394695
214534,-76.9162343275,-90.5003833748
214580,-76.9162343275,-89.6640880408
214768,-78.1508215659,-92.0678063223
215082,-78.7473131384,-96.8735637584
215557,-80.5442065125,-2095.1306175
215573,-80.5442065125,-100.909683908
215690,-80.5442065125,-99.7843389177
215770,-80.5442065125,-98.8537723388
215842,-80.5442065125,-96.6042312169
215915,-80.5442065125,-95.1363628821
216692,-80.8239998678,-100.149337476
216757,-80.8239998678,-98.3410637817
216943,-81.3247796204,-2096.62058378
216981,-81.3247796204,-98.8056066481
217239,-81.3247796204,-96.7844291376
217347,-81.3247796204,-96.1489498155
217670,-81.3247796204,-95.0476103965
217694,-81.6764291331,-94.5885913899
217759,-81.6764291331,-95.6879854953
217912,-82.6981643407,-2093.95645691
217919,-82.6981643407,-96.7734398719
218034,-82.6981643407,-96.6837255556
218163,-82.6981643407,-96.3888962687
218241,-60.466085563,-94.6940445415
218349,-60.466085563,-94.4232828075
218542,-82.6981643407,-95.1737770438
218696,-82.6981643407,-94.4189371918
218884,-82.6981643407,-93.4573313912
218914,-71.9997382339,-92.2009895096
219027,-71.9997382339,-91.9883404609
219036,-71.9997382339,-91.8327270686
219165,-71.9997382339,-91.671847917
219392,-50.5663698494,-90.2182239609
219544,-50.5663698494,-89.5054905503
219674,-50.5663698494,-88.4784841022
219931,-50.5663698494,-87.8218532741
220029,-50.5663698494,-87.1052655352
220097,-50.5663698494,-87.0609953485
220394,-68.8893924853,-89.3791504951
220676,-68.8893924853,-88.9747908507
220918,-71.9997382339,-92.4470064749
220933,-76.4231871764,-91.4259719755
220962,-76.4231871764,-2089.54145254
221031,-76.4231871764,-93.5014075603
221099,-76.4231871764,-92.5281102184
221169,-76.4231871764,-91.923034991
221920,-82.6981643407,-94.7533463663
221964,-82.6981643407,-93.9514798267
222101,-83.5413138769,-95.8826324087
222760,-83.6133489828,-2094.06980613
222829,-83.6133489828,-2093.91580613
222922,-83.6133489828,-99.5572496569
223035,-83.6133489828,-99.2891079263
223103,-83.6133489828,-99.0643816648
223247,-83.6133489828,-98.3730935404
223470,-83.6133489828,-97.2662160816
223735,-83.7741319537,-98.372386401
223793,-83.7741319537,-97.9774429605
223831,-84.5241715685,-97.1499380014
223883,-84.5241715685,-2095.02893924
223923,-85.0607978364,-2136.01066919
223968,-85.0607978364,-2097.03128153
224037,-85.0607978364,-99.867592162
224136,-85.0607978364,-98.8943897367
224249,-85.0607978364,-98.5815577109
224251,-85.0607978364,-98.5707749667
224472,-85.0640338633,-99.8657030989
224671,-85.1007885232,-99.5657515408
224833,-85.1007885232,-100.009702935
224885,-85.1007885232,-99.8846175994
224925,-85.1007885232,-99.4117936972
225039,-85.1007885232,-99.2629232636
225292,-85.1007885232,-98.6091684787
225298,-85.1007885232,-98.1551698858
225474,-85.1007885232,-97.8584549493
225835,-85.1007885232,-97.5837609295
225887,-85.1007885232,-97.0211392828
226041,-85.1223889842,-97.9494821325
226575,-85.2010679178,-2136.72973733
226929,-85.2010679178,-2097.30483493
226948,-85.2010679178,-102.111080477
226974,-85.2010679178,-100.810182142
227296,-85.2010679178,-100.803154408
227364,-85.2451748107,-100.323280752
227374,-85.2451748107,-2097.66081514
227441,-85.2451748107,-100.272750216
227478,-85.2451748107,-99.3060883461
227577,-85.2451748107,-98.4470862751
227931,-62.7342375978,-97.0714124069
228298,-62.7342375978,-96.7282855702
228366,-62.7342375978,-96.5240970292
228443,-62.7342375978,-95.2982602032
228733,-62.7342375978,-94.5798349836
229073,-62.7342375978,-94.3588951055
229100,-62.7342375978,-94.2194666318
229108,-64.7254939439,-94.463006605
229131,-64.7254939439,-2092.45974647
229205,-64.7254939439,-2092.36574647
229289,-64.7254939439,-2092.25974647
229300,-64.7254939439,-94.5986544172
229458,-85.2451748107,-2093.14614454
229574,-85.5852717558,-96.611213568
229639,-85.5852717558,-2094.0029893
229735,-85.6838802304,-99.3583001604
229754,-85.6838802304,-102.744128722
229840,-85.6851839605,-2099.93045112
230110,-85.6851839605,-115.407814686
230787,-85.6851839605,-110.667736803
231112,-85.6851839605,-107.764509525
231131,-85.6851839605,-105.559595044
231209,-85.6851839605,-104.763039829
231273,-85.6851839605,-103.088753528
231739,-85.6851839605,-101.101153857
231789,-85.6959277046,-99.4722152397
231911,-85.6959277046,-2096.92877093
232016,-85.6959277046,-100.484846825
232114,-85.6959277046,-99.5010700776
232124,-85.6959277046,-98.8764201903
232133,-85.6959277046,-98.2864172825
232579,-85.69683087,-2095.68249873
232741,-85.69683087,-99.6349371179
232791,-85.69683087,-98.5192041457
232913,-85.69683087,-98.2662385261
233018,-85.69683087,-97.8803984804
233213,-85.69683087,-97.7918147829
233277,-85.69683087,-97.63366816
233291,-83.0299390962,-96.9168409395
233301,-83.0299390962,-96.8619615644
233581,-83.0299390962,-96.6048145013
233793,-85.0066595904,-96.250962862
233915,-85.69683087,-96.514771858
234020,-85.69683087,-96.4052487439
234144,-85.69683087,-95.8719378602
234215,-66.1146437836,-94.9024273832
234225,-66.1146437836,-94.108767085
234279,-66.1146437836,-94.0916813881
234293,-66.1146437836,-94.0769665069
234303,-66.1146437836,-93.6420676841
234411,-74.7459168592,-2092.10577481
234421,-74.7459168592,-2091.92977481
234583,-74.7459168592,-96.4823422892
234795,-74.7459168592,-95.6735730128
234975,-85.69683087,-2092.27065468
235146,-85.69683087,-101.077398127
235262,-85.69683087,-99.7142702652
235295,-85.69683087,-98.8894923965
235385,-85.69683087,-97.4717298016
235423,-85.69683087,-97.245712751
235474,-85.69683087,-97.126671754
235585,-85.8488498189,-99.0274388152
235862,-85.8488498189,-98.6942558921
236297,-85.8818844379,-103.557051252
236505,-87.154727802,-2101.74341356
236518,-87.154727802,-111.928728085
237506,-87.154727802,-109.826979237
237520,-87.1630649893,-109.165860951
237645,-87.1630649893,-110.340610792
237689,-87.1630649893,-105.884552598
237808,-87.1630649893,-103.42090059
237838,-87.1630649893,-103.085864243
237866,-87.6654397139,-102.970938048
238152,-87.6654397139,-104.141363325
238508,-87.6654397139,-103.733279064
238509,-87.8688579344,-104.007816478
238522,-87.8688579344,-104.37030329
238688,-87.8688579344,-103.530440932
238691,-87.8688579344,-102.614523196
238840,-87.3386446999,-101.131452052
238868,-87.3386446999,-99.9118033477
239154,-87.3386446999,-99.5707968338
239274,-87.8688579344,-99.7400229982
239510,-87.8688579344,-101.426560248
239511,-87.8688579344,-100.233703198
240719,-88.7528918269,-2139.10894529
240844,-88.9285994221,-2140.87219607
240856,-61.3091932056,-2099.28093601
240872,-61.3091932056,-102.754200313
241697,-88.9285994221,-105.898171169
241874,-88.9419628809,-108.944773925
241946,-88.9419628809,-107.66052542
242191,-88.9419628809,-106.395116425
242575,-88.9419628809,-106.244692511
242644,-88.9419628809,-105.465752138
242699,-88.9419628809,-104.827684806
242848,-88.9419628809,-104.797234052
242860,-88.9419628809,-104.527321772
243005,-89.2502150196,-2102.63648251
243193,-89.2502150196,-108.850010006
243927,-89.2659029833,-2106.61500571
243943,-89.2753362115,-113.150592427
243956,-89.2753362115,-114.12222742
243993,-89.2753362115,-111.169250853
244007,-89.2753362115,-109.46940983
245192,-89.5456659282,-2107.58590311
245399,-89.5456659282,-113.703251588
245645,-89.5456659282,-113.007126625
245954,-89.5586038241,-2110.72621331
246012,-89.5586038241,-115.760244652
246175,-89.5586038241,-115.432946735
246254,-89.6001527015,-2113.48577466
246401,-89.6001527015,-120.442496147
246949,-89.6001527015,-120.31743004
247014,-89.6001527015,-119.890658409
247068,-89.6001527015,-119.385415084
247234,-89.6001527015,-116.628083289
247256,-89.6001527015,-113.641719309
247403,-89.6001527015,-111.532953559
247907,-89.6001527015,-110.568292609
248126,-89.6001527015,-110.393183788
248153,-89.6001527015,-110.051111113
248236,-89.6001527015,-109.498082376
248258,-89.6001527015,-109.409319518
248280,-89.6001527015,-109.234231008
248405,-89.6692199218,-110.346493522
250526,-89.7636510407,-2108.41310912
250541,-89.7636510407,-113.053101174
251578,-90.1546202977,-2111.09182815
251759,-90.1546202977,-2109.56782815
251761,-90.1546202977,-122.34545219
251832,-90.1546202977,-116.527693277
251994,-90.1723714758,-2114.51860087
252116,-90.3810667796,-120.219794602
252164,-90.3810667796,-2117.47739871
252399,-90.3810667796,-121.352249492
252529,-90.3810667796,-121.055241648
252530,-90.3810667796,-119.127132228
252543,-90.4033627317,-118.169098575
252569,-90.4033627317,-118.866696244
252619,-90.4033627317,-118.236517328
252788,-90.4033627317,-116.524125289
252823,-90.4033627317,-115.582360258
253118,-71.0930322362,-113.623769924
253166,-62.5890288032,-111.814570859
253401,-62.5890288032,-111.38267238
253531,-62.5890288032,-110.148757995
253532,-62.5890288032,-109.102220985
253545,-62.5890288032,-108.02363315
253571,-62.5890288032,-107.180842611
254008,-71.0930322362,-113.390665407
254120,-71.0930322362,-111.128027609
254403,-86.8430388237,-116.017070635
254534,-90.4033627317,-115.393742962
254547,-90.4033627317,-118.700017937
254827,-90.4033627317,-118.245901643
255010,-90.4033627317,-116.330178878
255086,-90.4033627317,-115.888357451
255122,-90.4033627317,-114.64122295
255170,-90.4033627317,-112.847706769
255536,-90.4033627317,-112.82891865
255963,-90.7001341137,-116.68374358
256012,-90.7001341137,-116.161210748
256537,-90.7599635966,-120.019224083
256962,-90.8711553862,-122.05001565
256965,-90.8711553862,-120.298319482
258056,-90.8711553862,-117.508122582
258162,-90.8711553862,-117.663682159
258305,-90.8711553862,-117.313052812
258411,-79.2753122598,-115.047919761
258547,-69.536696423,-112.592662851
258802,-64.2689671155,-110.30835169
258810,-64.2689671155,-108.642018036
258969,-64.2689671155,-108.195950517
259008,-64.2689671155,-108.01404421
259058,-46.6653630762,-106.136131351
259164,-46.6653630762,-105.805218253
259246,-46.6653630762,-105.349778438
259390,-64.2689671155,-105.954861056
259413,-64.2689671155,-105.959956174
259804,-64.2689671155,-105.339377237
259812,-64.2689671155,-104.774139772
260060,-64.2689671155,-104.395940451
260101,-64.2689671155,-103.432015574
260561,-69.536696423,-2101.81063623
260843,-69.536696423,-107.051050517
260845,-69.536696423,-106.231690757
261103,-79.2753122598,-110.292261022
261193,-80.8454576755,-110.565546474
261220,-80.8454576755,-2108.29823554
261250,-80.8454576755,-111.599444191
261294,-80.8454576755,-110.778117755
261417,-80.8454576755,-109.155174236
261563,-80.8454576755,-108.165715622
261847,-81.5580436644,-110.409588313
261944,-81.5580436644,-110.126363092
262064,-81.5580436644,-109.185758484
262195,-69.2214045526,-107.324977929
262222,-69.2214045526,-105.736493827
262252,-41.3073584621,-103.908125991
262384,-41.3073584621,-102.394764486
262414,-41.3073584621,-101.777854329
262565,-41.3073584621,-101.108667096
262642,-41.3073584621,-99.809773443
262849,-41.3073584621,-98.9421632911
262946,-56.1795255597,-99.5881743269
263031,-56.1795255597,-2097.23441084
263066,-56.1795255597,-98.9210411832
263273,-56.1795255597,-98.8533747291
263350,-56.1795255597,-98.7068384949
263948,-56.1795255597,-98.4213802866
264600,-59.4793503544,-2096.88778978
264646,-59.4793503544,-104.693904188
265229,-59.4793503544,-103.168071744
265390,-59.4793503544,-101.613051581
265547,-59.4793503544,-99.9452869386
266435,-66.2315171416,-111.403565738
266650,-69.2214045526,-121.396688495
266732,-69.2214045526,-120.854373319
266784,-75.3555904932,-119.162433701
266804,-75.3555904932,-125.208713009
266833,-75.3555904932,-123.748571435
267001,-75.3555904932,-119.826626657
267266,-80.550913112,-123.29033408
267281,-80.550913112,-120.158627943
267394,-80.550913112,-116.423883131
267486,-80.550913112,-114.226886753
267652,-80.550913112,-112.261674202
267786,-80.550913112,-110.743420228
267806,-80.550913112,-110.309929955
268488,-81.5580436644,-115.601378561
268881,-81.5580436644,-115.574858543
269051,-81.5580436644,-113.395427719
269398,-90.8711553862,-112.335347548
269614,-90.8711553862,-112.903344392
269656,-90.8711553862,-111.288409262
269659,-83.5503603258,-108.873328553
269883,-83.5503603258,-107.214107315
270053,-83.5503603258,-105.787806621
270216,-83.5503603258,-105.394331296
270364,-90.8711553862,-105.418441972
270400,-90.8711553862,-105.335132435
270693,-90.8711553862,-105.323850737
271055,-91.0386161514,-105.348789007
271218,-91.0386161514,-107.344022589
271295,-91.0386161514,-105.765805682
271366,-64.3383079235,-104.416356376
271402,-64.3383079235,-103.754453627
271660,-91.0386161514,-104.122223882
271670,-91.0386161514,-105.630753721
271695,-91.0386161514,-104.667873566
271847,-90.2431120928,-103.844641646
271924,-90.2431120928,-103.342803424
272057,-90.2431120928,-102.87444295
272510,-91.0386161514,-105.945107278
272662,-91.0386161514,-104.415387376
273059,-91.0644351651,-106.629106439
273299,-91.0644351651,-106.44187405
273407,-91.0644351651,-104.703000422
273512,-91.0644351651,-104.016808162
273713,-91.2838866428,-2101.68951946
273737,-91.3003140214,-104.686204189
273855,-91.3003140214,-104.875595429
273908,-91.3633844536,-105.228903092
274224,-91.3633844536,-104.633886434
274301,-91.3633844536,-104.18857272
274739,-91.8267397654,-106.411686936
274898,-91.8267397654,-106.124795018
275303,-94.8426974977,-109.444703802
275516,-95.2178038812,-110.22559593
275709,-95.4310613678,-109.149922456
275717,-95.4310613678,-110.038120097
275741,-95.4310613678,-108.348563996
275900,-95.4310613678,-107.939633134
276141,-95.4310613678,-107.200872235
276173,-95.4310613678,-106.599476942
276293,-95.4310613678,-106.563169078
276361,-95.4310613678,-106.286221085
276394,-96.4164154394,-2104.15159986
276524,-96.4164154394,-2104.11959986
276533,-96.4164154394,-2103.11359986
276671,-83.9803101513,-106.05720606
276711,-83.9803101513,-105.900917206
276719,-96.65461823,-106.74302525
276736,-96.65461823,-2104.35216475
276833,-97.2423848448,-106.823647925
277175,-97.2423848448,-107.6647136
277230,-97.2423848448,-106.823647925
277295,-97.2423848448,-106.674473216
277393,-97.2423848448,-106.580345909
277673,-97.2423848448,-106.321393985
277716,-80.9430345502,-105.558511311
277721,-80.9430345502,-105.27111569
277738,-80.9430345502,-104.642477084
277835,-80.9430345502,-104.481519489
278232,-80.2889427968,-103.755963521
278329,-80.9430345502,-2101.84818466
278395,-80.9430345502,-107.132455375
278675,-80.9430345502,-106.505953617
278837,-86.848220686,-111.202343079
278910,-97.3352708673,-113.897909352
279326,-80.2199937321,-113.224351039
279370,-80.2199937321,-109.308969966
279397,-80.2199937321,-107.405190822
279677,-97.3352708673,-109.981445912
279835,-97.3352708673,-109.340718388
279839,-97.3352708673,-108.932010385
280535,-97.3352708673,-108.791640766
280785,-97.7192712405,-111.002754618
280837,-97.7967539301,-110.183210677
280841,-97.7967539301,-113.851051961
280859,-97.7967539301,-111.045538894
281378,-97.7967539301,-109.953221212
281510,-97.7979935291,-2107.85128613
281787,-97.7979935291,-111.046616429
281839,-97.7979935291,-110.002573651
281861,-97.7979935291,-109.874986241
281875,-97.7979935291,-109.720195511
281900,-97.7979935291,-109.584913613
282380,-97.7979935291,-109.287268031
282452,-97.7979935291,-108.585787546
283553,-91.6960682068,-107.508507209
283911,-91.6960682068,-107.437685795
284423,-97.7979935291,-107.35382044
284555,-97.7979935291,-108.93600755
284881,-97.7979935291,-108.74608038
285149,-97.7979935291,-108.668478978
285679,-97.7979935291,-107.687404786
285883,-93.3623114438,-107.058766352
285915,-97.7979935291,-107.306350468
286070,-71.0883015711,-106.58198949
286090,-71.0883015711,-106.385114337
286151,-71.0883015711,-106.329878594
286427,-71.0883015711,-105.852540101
286917,-71.0883015711,-105.501353246
287092,-71.0883015711,-105.315309403
287231,-97.7979935291,-106.446451882
288093,-97.990797381,-2145.02227143
288094,-97.990797381,-2107.18099546
288199,-97.990797381,-112.857670701
288475,-98.2755851601,-117.94362082
288563,-98.2755851601,-117.737336925
288720,-98.2755851601,-116.130771724
288914,-98.2755851601,-114.746762566
288921,-98.2755851601,-113.64171446
289095,-98.2755851601,-111.742563307
289096,-98.2755851601,-110.699135451
289295,-90.4422776949,-108.625314922
289398,-90.4422776949,-107.885870292
289433,-90.4422776949,-106.871592127
289532,-90.4422776949,-106.468281319
289671,-98.2755851601,-106.983667653
289916,-98.2755851601,-106.976178141
290486,-71.5896897364,-105.994887775
290646,-71.5896897364,-105.971588463
290960,-98.2755851601,-107.067646619
291099,-98.6012798761,-107.17635037
291252,-98.6012798761,-107.099640549
291488,-99.3649125055,-107.95022993
291675,-94.3356075803,-107.849643831
291920,-84.8358348094,-106.723745549
292101,-84.8358348094,-106.110997795
292254,-74.6872792759,-105.289561329
292404,-74.6872792759,-104.933246857
292490,-74.6872792759,-104.561074453
292677,-84.8358348094,-111.253243634
293103,-92.2896321433,-121.561487512
293256,-92.2896321433,-121.296525494
293460,-92.2896321433,-121.292310417
293657,-92.2896321433,-115.943935807
293712,-92.2896321433,-110.80758806
293879,-92.2896321433,-109.236546537
293924,-92.2896321433,-108.728687433
293939,-94.3356075803,-109.001524573
293966,-94.3356075803,-111.221268257
294368,-94.3356075803,-110.630946514
294733,-94.3356075803,-110.519955978
294821,-86.0211806594,-108.104262594
294941,-86.0211806594,-107.617179884
295958,-86.0211806594,-107.289670519
295983,-86.0211806594,-106.223322477
296109,-86.0211806594,-106.06293809
296350,-94.3356075803,-2104.04651448
296372,-94.3356075803,-107.773680287
297264,-94.3356075803,-106.821528697
297374,-94.3356075803,-106.414566591
297518,-87.1873348162,-105.679299067
297974,-87.1873348162,-105.014536847
298001,-66.9020091778,-104.056470124
300270,-87.1873348162,-109.0275154
300306,-87.1873348162,-107.997416536
300446,-88.1375821956,-111.619298014
300589,-88.1375821956,-111.52041344
300980,-96.4380086334,-115.910041467
300993,-96.4380086334,-119.985974893
301129,-53.0822554492,-114.653485747
301272,-53.0822554492,-114.025860152
301382,-53.0822554492,-113.93780909
301448,-53.0822554492,-113.88557231
301955,-96.4380086334,-118.445371764
302270,-96.4380086334,-115.375408813
302310,-97.7459242816,-113.457687743
302408,-97.7459242816,-2110.94053399
302450,-97.7459242816,-117.064361224
302468,-97.7459242816,-116.204002692
302808,-97.7459242816,-115.038123839
302914,-99.1609489178,-116.502057784
302957,-99.1609489178,-114.989377538
303201,-99.1609489178,-114.863870922
303293,-99.1609489178,-113.232275141
303312,-99.1609489178,-112.486599537
303410,-99.5342669678,-113.486087708
303452,-99.5342669678,-112.406665005
303470,-99.5342669678,-111.138687903
303853,-99.5342669678,-109.946478489
303916,-99.5342669678,-108.819523041
304203,-68.4781196667,-107.206378285
304295,-68.4781196667,-106.019646905
304379,-59.6809619159,-104.661784531
304472,-68.4781196667,-105.574782822
304629,-68.4781196667,-105.489790753
304855,-88.4830393894,-107.075544405
304918,-88.4830393894,-106.438211095
305414,-88.4830393894,-106.221641139
305470,-99.5342669678,-2104.24198035
305550,-99.5342669678,-111.563973946
305631,-99.5342669678,-111.369370085
305722,-99.5342669678,-110.89907582
306383,-99.5342669678,-110.34903922
306445,-99.5342669678,-109.583877232
306483,-99.5342669678,-107.896926136
306551,-99.5342669678,-107.101513604
306564,-54.0814697601,-105.533609747
306633,-54.0814697601,-105.227857605
306652,-54.0814697601,-104.590423703
306724,-54.0814697601,-103.623484563
307353,-54.0814697601,-103.562762405
307442,-54.0814697601,-103.450182195
307566,-54.0814697601,-102.9414193
307703,-82.2840710774,-105.972713617
307741,-82.2840710774,-2103.34325935
307823,-82.2840710774,-107.351902674
307826,-82.2840710774,-107.090259815
307953,-86.2943582842,-2105.19257839
308444,-86.2943582842,-109.181709751
308449,-86.2943582842,-108.65516118
308568,-86.2943582842,-108.494603805
308612,-86.2943582842,-107.524097031
308705,-55.4699863776,-105.422913973
308863,-55.4699863776,-104.205999187
308905,-86.2943582842,-104.752544005
308942,-61.8497081819,-103.894487288
308955,-61.8497081819,-103.409707003
309446,-61.8497081819,-102.594491618
309557,-70.3711497167,-104.630684924
309614,-79.2814339655,-103.607860347
309684,-79.2814339655,-104.953313789
309707,-79.2814339655,-104.423919357
310709,-86.9402666166,-111.026113966
310867,-86.9402666166,-119.498340433
311030,-86.9402666166,-114.274876667
311184,-86.9402666166,-112.309754024
311339,-86.9402666166,-112.231542636
311656,-86.9402666166,-110.368637814
311693,-86.9402666166,-107.042451105
311711,-86.9402666166,-105.119642474
311869,-86.9402666166,-104.993351546
312210,-86.9402666166,-104.328690795
312341,-88.6869183602,-104.234686746
312375,-88.6869183602,-2101.82199301
312388,-81.8513048519,-103.787019108
312452,-81.8513048519,-103.587198358
312658,-55.2506104552,-102.481500344
312695,-55.2506104552,-102.121748027
312713,-55.2506104552,-101.653733249
313390,-81.8513048519,-108.887798353
313802,-81.8513048519,-106.402207049
314923,-86.6271334279,-108.700191178
314930,-86.6271334279,-108.029057545
314980,-88.6869183602,-108.671295069
315188,-88.6869183602,-106.669716255
315871,-92.1890153946,-110.252665945
315925,-92.1890153946,-113.726307748
315938,-92.1890153946,-112.395314036
315961,-92.1890153946,-111.700168429
316190,-93.2070345809,-110.886919125
316383,-93.2070345809,-115.058986168
316545,-93.2070345809,-112.388584332
316851,-93.2070345809,-112.185925509
316927,-93.2070345809,-111.656728445
316940,-95.510394001,-113.609958147
317192,-99.5342669678,-116.507200508
317385,-99.5342669678,-115.530964441
317723,-100.478081065,-115.055606853
317880,-100.478081065,-115.528330729
317923,-100.478081065,-114.520876974
317929,-100.478081065,-113.251416472
317940,-100.478081065,-111.765278998
317942,-100.478081065,-111.118160202
317969,-100.605129262,-2109.01859858
317986,-100.611529675,-111.912865166
318017,-100.611529675,-2109.52660786
318194,-100.611529675,-113.247831583
318620,-100.637358128,-111.9392703
318725,-100.637358128,-112.302862748
318882,-100.637358128,-111.52467732
318931,-100.637358128,-111.438734323
318942,-100.637358128,-110.614785898
318967,-100.637358128,-110.527400021
318988,-100.637358128,-109.987155317
319343,-100.637358128,-109.399539784
319622,-100.324391995,-108.582267205
319727,-87.1249260023,-107.550929712
319933,-87.1249260023,-106.936085278
319990,-87.1249260023,-106.75979952
320052,-99.3766710112,-2104.867301
320088,-99.3766710112,-107.890347922
320094,-99.3766710112,-107.137894578
320209,-90.9211119859,-106.408406926
320345,-90.9211119859,-105.788974121
320624,-91.3743824543,-105.840842679
320838,-60.2701427985,-104.929428682
320946,-91.3743824543,-105.564796094
321030,-68.8895916433,-104.831292005
321096,-55.1583657567,-103.559679128
321210,-55.1583657567,-103.366918082
321347,-55.1583657567,-102.393353367
321405,-55.1583657567,-101.850318989
321626,-55.1583657567,-100.990497265
321723,-66.9889350519,-2099.69532995
321937,-66.9889350519,-102.255700581
321948,-39.1523167736,-100.670376285
322032,-66.9889350519,-101.482728681
322056,-59.0840914629,-100.468488778
322142,-59.0840914629,-100.290828858
322212,-59.0840914629,-99.8867057897
322349,-59.0840914629,-99.7437024014
322703,-59.0840914629,-99.0759240709
322725,-66.9889350519,-99.1380217128
322939,-66.9889350519,-98.7923210398
322990,-60.1496199458,-97.8378923431
323144,-60.1496199458,-97.5607152099
323705,-66.9889350519,-99.7760943594
323727,-66.9889350519,-99.0163542054
324551,-67.1860780654,-103.400646321
324620,-67.1860780654,-102.491548558
325062,-71.0986538561,-107.739206657
325079,-71.0986538561,-2105.36842252
325148,-71.0986538561,-109.653044613
325181,-71.0986538561,-105.270858411
325355,-71.0986538561,-102.852986116
325622,-71.0986538561,-102.031782034
325945,-71.0986538561,-101.900562013
326009,-71.610057876,-102.941517668
326064,-71.610057876,-102.239265244
326183,-75.1974660613,-105.839145168
326357,-75.1974660613,-102.799986403
326711,-50.3769542228,-101.148894093
326850,-50.3769542228,-100.699964654
326983,-50.3769542228,-101.998356015
326998,-45.5490419712,-99.5969462002
327066,-45.5490419712,-99.0292711235
327102,-45.5490419712,-98.1944548298
327152,-45.5490419712,-97.3149546769
327185,-45.5490419712,-96.953767216
327283,-50.3769542228,-2095.73478638
327359,-50.3769542228,-97.8141564757
327421,-50.3769542228,-97.1279028653
327852,-50.3769542228,-96.1340559888
328046,-50.3769542228,-95.7718956765
328104,-50.3769542228,-95.1304252817
328154,-50.3769542228,-94.6732476306
328272,-50.3769542228,-94.2191580863
329106,-63.5687588138,-103.518404921
329215,-63.5687588138,-107.680833902
329331,-74.4970232325,-109.381140097
329425,-74.4970232325,-109.590241413
329457,-74.4970232325,-103.687430776
329578,-74.4970232325,-101.609887458
329623,-74.4970232325,-100.176455275
329852,-74.4970232325,-99.8919985095
329890,-74.4970232325,-99.6651983254
330050,-74.4970232325,-99.4299623026
330108,-74.4970232325,-99.3892811816
330300,-75.1974660613,-101.08458912
330333,-75.1974660613,-100.96913997
330459,-75.1974660613,-100.354095729
330580,-75.1974660613,-99.9854698536
330625,-75.1974660613,-99.2896158349
330829,-75.1974660613,-98.7797809149
330854,-75.1974660613,-98.7193853735
331052,-75.1974660613,-98.4072671263
331153,-75.1974660613,-97.6786338418
331335,-78.1142232501,-97.5584619253
331429,-79.769936577,-2136.58470227
331461,-79.769936577,-2096.11110839
331474,-79.769936577,-2095.99510839
331509,-79.769936577,-99.0934165002
331851,-80.0846754662,-2097.43401777
331901,-80.0846754662,-102.174756365
332238,-80.0846754662,-100.837401811
332337,-80.0846754662,-99.9774941736
332431,-80.0846754662,-99.5011216236
332463,-80.0846754662,-99.0579387123
332476,-78.0433786347,-98.3048707294
332584,-80.0846754662,-2096.50400316
332694,-60.7482345836,-97.9589678483
332833,-60.7482345836,-97.5790525556
333432,-80.0846754662,-2096.18008786
333433,-80.0846754662,-102.563977829
334426,-80.0846754662,-101.926432409
334434,-80.0846754662,-101.760978059
334454,-80.0846754662,-101.37527194
334480,-80.0846754662,-98.996583753
334588,-80.0846754662,-98.6181878463
335669,-80.3847645964,-103.485694248
335734,-80.3847645964,-102.186107571
335938,-80.3847645964,-100.809758829
336116,-80.3847645964,-99.9720606866
336430,-81.8529880658,-101.103988766
336508,-81.8529880658,-100.496359
336527,-83.7061402095,-100.051472177
336542,-83.7061402095,-100.372264528
336592,-83.7061402095,-99.7549751504
336736,-83.7061402095,-99.1617568724
336940,-83.7061402095,-99.0093619003
337146,-67.0447326531,-98.2260642136
337202,-67.0447326531,-97.6770065629
337529,-67.0447326531,-96.9510151709
337738,-78.5767963532,-99.4097856439
337766,-78.5767963532,-100.52537046
337849,-83.7061402095,-101.722438683
337992,-83.7061402095,-100.574637663
338204,-83.7061402095,-100.135253842
338531,-83.7061402095,-99.683712049
338596,-83.7061402095,-98.8420565769
338740,-83.7061402095,-98.4443077016
339150,-83.7061402095,-98.394245454
339533,-83.7138933652,-99.0854444661
339919,-66.9167698161,-98.0584580462
340152,-66.9167698161,-97.9258496026
340438,-66.9167698161,-97.676781975
340535,-66.9167698161,-97.351471241
340600,-83.7138933652,-97.7927372791
341208,-84.0005414227,-2095.97445941
341260,-84.0005414227,-100.396332131
341440,-84.0005414227,-98.8538346364
341589,-84.0005414227,-97.9020556716
341854,-84.5115868482,-99.7816722986
342156,-84.5115868482,-99.6384916723
342262,-86.4301758568,-103.338277217
342442,-86.4301758568,-102.389185661
342643,-86.4301758568,-100.822457909
342698,-78.8449541129,-98.9829101622
342856,-78.8449541129,-97.7161240586
342945,-78.1722166083,-97.1778633806
342954,-69.8630068967,-96.4778589803
343247,-69.8630068967,-96.095132654
343259,-69.8630068967,-96.0187320832
343264,-69.8630068967,-95.9256301536
343645,-69.8630068967,-95.4975609498
343947,-78.1722166083,-99.4686930282
344291,-78.8449541129,-99.8257734424
344570,-78.8449541129,-103.34151334
344905,-78.8449541129,-101.028758617
344921,-71.2129003507,-97.16061513
344949,-71.2129003507,-95.9649651819
345572,-78.8449541129,-104.797335186
346096,-78.8449541129,-99.3561682621
347178,-78.8449541129,-99.3443665843
347255,-80.3705935108,-101.37676517
347297,-80.3705935108,-99.4244886274
347386,-80.3705935108,-98.3317683311
347445,-80.3705935108,-97.9271023395
347611,-80.3705935108,-97.8801360712
347995,-80.3705935108,-97.3064220247
348007,-80.3705935108,-96.7977634255
348229,-79.9551235343,-96.3158430325
348324,-80.3705935108,-97.7689771499
348559,-82.6775007141,-2095.98156528
348662,-82.6775007141,-101.981300314
348997,-82.6775007141,-100.182145912
349045,-82.6775007141,-99.5878835867
349480,-82.6775007141,-98.1409866931
349561,-82.6775007141,-97.1627513489
349664,-82.6775007141,-97.0497578735
350011,-71.9955779529,-96.4156681887
350136,-82.6775007141,-96.6920392407
350267,-82.6775007141,-2094.49819846
350268,-82.6775007141,-99.1392735512
350482,-82.6775007141,-97.8714922137
350770,-82.6775007141,-97.6056333165
351013,-82.6775007141,-97.100100776
352533,-86.3855177152,-97.0586242211
352567,-86.3855177152,-97.6737179183
352616,-86.3855177152,-96.8795455301
352774,-86.3855177152,-96.7770579255
353250,-86.4301758568,-96.7224542965
353274,-86.4301758568,-96.8225865906
353311,-86.5323602426,-96.8603142932
353405,-86.5323602426,-96.7200588726
353535,-77.6439687116,-96.2103323592
354019,-86.5323602426,-96.5238553352
354252,-86.5323602426,-96.3396370725
354313,-86.5323602426,-96.1482078066
356856,-82.7013987524,-95.753553557
357144,-82.7013987524,-95.6378444808
357287,-82.7013987524,-95.5854347808
357317,-82.7013987524,-95.5834551581
357413,-82.7013987524,-95.4562700026
357439,-68.2302953927,-94.9117505104
357482,-67.1586541274,-94.2186300993
357626,-67.1586541274,-94.0500340482
357945,-67.1586541274,-93.5110530268
358314,-67.1586541274,-93.1425909343
358415,-60.6032604691,-93.0114830612
358441,-60.6032604691,-92.5363027687
359688,-68.2302953927,-95.3288123992
359949,-68.2302953927,-94.1997252302
360419,-74.7800179329,-94.4151212735
360437,-74.7800179329,-94.7666491936
360558,-74.7800179329,-94.5239846729
361630,-74.7800179329,-93.9476511579
361731,-77.5542136216,-2092.2400508
361746,-77.5542136216,-94.3987365315
361982,-82.7013987524,-96.0345961349
362000,-82.7013987524,-94.9065345834
362005,-82.7013987524,-94.6988551217
362632,-82.9964383285,-96.363041004
362693,-82.9964383285,-95.1120581223
362694,-65.2352475612,-94.3495320979
363002,-82.9964383285,-95.4910966096
363443,-82.9964383285,-94.871378086
363634,-86.5323602426,-95.4319821363
364752,-87.3129422035,-98.415277077
364988,-87.4094580429,-96.9216526548
365011,-87.4094580429,-101.47241241
365049,-87.4094580429,-99.2769941518
365124,-87.4094580429,-99.0753573588
365191,-87.4094580429,-99.0488197757
365587,-87.4094580429,-98.5139675544
365638,-88.1046896687,-101.940231399
365700,-88.1046896687,-99.4150784164
365990,-88.1046896687,-97.0715298494
366140,-88.1046896687,-96.6056796424
366214,-88.5685049603,-97.2306427789
366330,-82.5184171332,-96.936398266
366374,-82.5184171332,-96.2792097637
366640,-82.5184171332,-95.7885975056
368155,-86.4960279371,-99.2616012169
368665,-86.4960279371,-99.1029901516
368705,-86.4960279371,-98.7187710722
368811,-86.4960279371,-96.5109970395
369157,-77.9184593595,-96.339445668
369179,-65.4746392371,-95.2761705762
369220,-65.4746392371,-94.7689151871
