$ 1 5.0E-6 18.225424121461643 43 5.0 50
a 352 192 464 192 0 15.0 -15.0
w 352 176 352 128 0
w 352 128 464 128 0
w 464 128 464 192 0
w 464 128 464 96 0
r 464 96 288 96 0 10.0
w 288 96 288 208 0
r 288 208 352 208 0 1000.0
c 352 208 352 288 0 1.0E-5 1.611782441545094
g 352 288 352 320 0
w 288 208 224 208 0
R 224 208 176 208 0 2 30.0 5.0 0.0 0.0 0.5
R 224 368 176 368 0 2 30.0 5.0 0.0 0.0 0.5
c 224 368 288 368 0 0.0010 1.6117824415452011
r 288 368 352 368 0 10.0
g 352 368 352 400 0
x 361 70 391 76 0 24 R2
x 307 180 337 186 0 24 R1
x 399 258 431 264 0 24 C1
x 242 408 272 413 0 24 C2
x 303 408 335 414 0 24 R3
o 13 64 0 34 5.0 0.8 0 -1
o 8 64 0 34 5.0 0.00625 1 -1

