$ 1 5.0E-6 13.200821376227164 50 5.0 50
c 48 160 112 160 0 4.9999999999999996E-6 -9.920401375609496
c 112 160 176 160 0 4.9999999999999996E-6 1.0365697742935627
c 176 160 240 160 0 4.9999999999999996E-6 0.867670791871299
r 240 160 304 160 0 100.0
r 112 160 112 240 0 100.0
r 176 160 176 240 0 100.0
g 112 240 112 256 0
g 176 240 176 256 0
a 304 176 400 176 0 15.0 -15.0
w 304 160 304 112 0
r 304 112 400 112 0 2900.0
w 400 112 400 176 0
w 400 176 416 176 0
w 416 176 416 80 0
w 416 80 48 80 0
w 48 80 48 160 0
O 416 176 464 176 0
g 304 192 304 240 0
o 3 64 0 35 0.625 0.00625 0 -1
o 16 64 0 42 20.0 9.765625E-5 0 -1
