$ 1 5.0E-6 10.812258501325767 45 5.0 50
a 128 224 240 224 0 15.0 -15.0
w 128 240 128 304 0
w 128 304 240 304 0
r 240 224 240 304 0 1000.0
a 352 240 464 240 0 15.0 -15.0
r 240 304 320 304 0 400.0
w 320 304 464 304 0
w 464 304 464 240 0
w 464 240 464 176 0
c 352 176 464 176 0 9.999999999999999E-5 2.324514491198166
w 352 176 352 224 0
g 352 256 352 272 0
O 464 240 528 240 0
w 128 208 96 208 0
g 96 208 96 240 0
r 352 176 288 176 0 25.0
r 352 224 288 224 0 200.0
d 240 176 288 176 0
d 288 224 240 224 0
w 240 176 240 224 0
o 12 64 0 42 10.0 9.765625E-5 0 -1
