$ 1 5.0E-6 10.20027730826997 50 5.0 50
r 176 160 176 208 0 10000.0
g 176 272 176 288 0
a 224 224 320 224 1 15.0 -15.0
w 224 208 176 208 0
w 176 160 304 160 0
w 320 192 320 224 0
w 336 160 400 160 1
w 224 240 224 272 0
w 224 272 400 272 0
r 400 160 400 272 0 470.0
r 400 272 400 336 0 470.0
g 400 336 400 352 0
w 400 160 528 160 2
t 320 192 320 160 0 1 0.6718107957494546 0.6448831252061993 100.0
v 544 240 544 176 0 5 60.0 6.0 2.5 0.0 0.5
w 544 240 544 272 1
g 544 272 544 288 0
z 176 272 176 208 1 0.805904783 6.14
x 486 319 615 323 0 18 Simulated load
x 503 332 598 335 0 12 Variable Current
174 144 192 144 160 0 1000.0 0.49010000000000004 Input Current
w 176 160 144 160 0
w 64 176 128 176 0
x 420 142 502 145 0 12 Stable Voltage
R 64 176 64 256 0 3 120.0 2.5 15.0 0.0 0.5
x 24 294 126 298 0 18 Variable V/I
174 528 160 560 176 0 1000.0 0.5198 Load Current
o 24 64 0 35 20.0 0.025 0 -1 input
o 12 64 0 35 20.0 0.05 1 -1 regulated
o 14 64 0 35 10.0 0.05 2 -1 load
