0,0,0
14,-260.161763649,-260.161763649
18,-260.161763649,-265.562247589
19,-232.897738649,-254.590322776
20,-232.897738649,-250.46908152
21,-232.897738649,-252.057239235
28,7.52769796218,-13.1147133104
30,7.52769796218,-11.8754128985
31,3.01460457635,-9.83372134534
37,3.01460457635,-14.8528882705
38,3.01460457635,-14.6159434673
40,3.01460457635,-13.653511932
41,3.00030753084,-16.9955586411
47,3.00030753084,-16.9320351226
66,0.414300160122,-23.3993555837
70,-0.635223026005,-29.9128180468
76,-0.635223026005,-32.4454897347
79,-0.635223026005,-32.0041507215
98,-0.635223026005,-31.1807785064
120,-1.72969346755,-36.7302031498
124,-1.72969346755,-41.6208165473
127,-1.72969346755,-40.6190909658
147,-1.72969346755,-40.5708814075
160,-1.76161513455,-47.2603540439
165,-1.76161513455,-46.3531509933
168,-1.76161513455,-46.2148042875
174,-1.87483101391,-52.039028527
224,-1.9399501984,-56.8984683822
238,-1.9744031592,-62.4571548863
246,-1.98606585038,-68.2745151827
259,-1.98606585038,-67.3409985555
262,-1.98606585038,-66.4935325824
280,-2.02446434858,-73.0975070617
286,-2.02446434858,-72.3499162395
287,-2.02446434858,-71.0871344261
299,-2.06142445468,-71.8369915214
302,-2.06142445468,-76.413222322
316,-2.06142445468,-76.3306402942
324,-2.06142445468,-75.1878391734
342,-2.32614069176,-75.9963005244
343,-2.32614069176,-81.1519604861
348,-2.34214053657,-82.0253631038
349,-2.36501209538,-88.6256738203
353,-2.36501209538,-90.5294229587
356,-2.36501209538,-89.5890577971
360,-2.39255938342,-96.0684223683
371,-2.39255938342,-95.3995188264
378,-2.5708809228,-100.250333852
396,-2.5708809228,-98.7024291346
420,-2.5708809228,-97.5780805722
433,-2.58133646404,-98.8717464232
436,-2.58133646404,-102.761078284
440,-2.58133646404,-102.726194399
447,-2.68747170142,-109.349338117
448,-2.70639829301,-112.451319789
458,-2.75996873919,-113.873738276
461,-2.75996873919,-117.782660366
466,-2.78738762812,-119.867542499
476,-2.78738762812,-119.70849795
477,-2.78738762812,-118.154524458
481,-2.78738762812,-117.489509356
494,-2.78738762812,-116.713477345
500,-2.90415740489,-121.682826167
518,-2.98239756498,-127.560700419
519,-3.02926770533,-128.885436987
523,-3.03405579663,-135.474322575
527,-3.03405579663,-139.358423555
534,-3.03405579663,-139.204622085
536,-3.03405579663,-138.505565978
541,-3.08700540082,-144.555456022
555,-3.08700540082,-141.996868691
560,-3.08700540082,-138.632535791
574,-3.18777372359,-148.003154194
579,-3.18777372359,-150.044473056
581,-3.18777372359,-147.677024489
596,-3.28328419235,-157.501907792
600,-3.32060615349,-164.103115894
604,-3.32750544019,-169.224423686
608,-3.4091360173,-167.368981972
609,-3.4091360173,-169.537013182
627,-3.4091360173,-169.038729524
642,-3.5409807312,-177.617306912
645,-3.5409807312,-178.515560432
646,-3.5409807312,-178.325252972
653,-3.5409807312,-176.544729182
663,-3.54136000538,-183.070319431
664,-3.54136000538,-182.937731202
676,-3.54136000538,-182.654526222
678,-3.54136000538,-180.935836273
689,-3.54136000538,-179.098014082
694,-3.59992629667,-184.129070011
700,-3.59992629667,-183.466053705
706,-3.6596891304,-188.413574166
718,-3.67850047095,-194.85420312
719,-3.67850047095,-191.589484449
721,-3.67850047095,-191.254991369
727,-3.67850047095,-190.799236984
733,-3.67850047095,-188.783697412
747,-3.67850047095,-187.738734853
749,-3.67850047095,-186.818138039
754,-3.67850047095,-185.840747059
761,-3.67850047095,-184.89617187
765,-3.67850047095,-184.788445516
774,-3.67850047095,-184.640634149
775,-3.67850047095,-183.911123765
787,-3.68125591128,-188.243674627
790,-3.68368007699,-190.512640582
792,-3.68368007699,-188.539787947
793,-3.68368007699,-187.404294104
804,-3.68368007699,-186.548969087
809,-3.68368007699,-185.441103804
826,-4.37419943983,-189.754578511
827,-4.63880254071,-195.568942446
835,-4.63880254071,-195.126680682
836,-4.63880254071,-194.663520567
837,-4.63880254071,-191.96385311
849,-4.63880254071,-191.418720759
857,-147.654364011,-194.55742709
872,-147.654364011,-194.505773538
873,-147.654364011,-193.991389862
878,-147.654364011,-193.726773113
888,-150.198970723,-193.117393224
893,-150.198970723,-192.610197306
900,-150.198970723,-191.296497055
902,-150.198970723,-190.19277184
905,-150.198970723,-189.837879341
920,-151.004859285,-189.683182168
921,-151.004859285,-190.487353769
929,-151.004859285,-189.683182168
936,-144.958990958,-188.788698344
939,-149.027898809,-188.228526152
943,-149.027898809,-187.749552371
944,-149.027898809,-186.904884892
952,-149.027898809,-185.527492384
960,-149.027898809,-185.244933658
962,-142.822023338,-183.767210153
969,-142.822023338,-183.138934078
970,-142.822023338,-180.348626731
972,-147.654364011,-180.580538364
981,-147.654364011,-181.954804596
982,-144.958990958,-179.868107416
983,-147.654364011,-180.351623657
984,-147.654364011,-180.656769185
999,-147.654364011,-180.25286561
1002,-150.198970723,-180.237434194
1006,-150.198970723,-180.508545428
1008,-150.198970723,-180.10753612
1012,-142.822023338,-178.869999803
1014,-150.198970723,-178.845680339
1023,-150.198970723,-178.805958712
1026,-144.958990958,-177.622171512
1036,-144.958990958,-176.56111803
1041,-144.958990958,-175.485824029
1046,-144.958990958,-174.632521102
1048,-144.958990958,-173.7295406
1053,-147.654364011,-173.712369652
1054,-147.654364011,-173.712369652
1058,-147.654364011,-175.166258083
1071,-147.654364011,-173.689557767
1075,-147.654364011,-173.132217594
1080,-147.654364011,-172.393696352
1086,-147.654364011,-172.048595548
1094,-142.822023338,-170.992858013
1096,-142.822023338,-169.988567972
1111,-142.822023338,-169.952415045
1114,-142.822023338,-169.826828924
1121,-144.958990958,-171.079213385
1123,-144.958990958,-170.416502484
1131,-147.654364011,-170.808050644
1133,-147.654364011,-172.103315814
1135,-147.654364011,-170.808050644
1136,-147.654364011,-171.570727178
1138,-147.654364011,-170.747350785
1150,-149.027898809,-171.732792066
1151,-150.198970723,-171.584050014
1158,-150.198970723,-171.656485949
1160,-142.822023338,-170.673431426
1169,-142.822023338,-170.640362203
1171,-137.719995984,-169.609368569
1173,-137.719995984,-168.91577274
1174,-137.719995984,-168.051651419
1176,-142.822023338,-168.402368226
1184,-144.958990958,-168.500987423
1185,-144.958990958,-168.111525651
1190,-147.654364011,-168.334979876
1191,-147.654364011,-168.31471126
1203,-147.654364011,-167.747937337
1205,-149.027898809,-168.120797941
1212,-137.719995984,-167.148430793
1224,-137.719995984,-166.287015706
1233,-137.719995984,-165.480593509
1245,-142.822023338,-165.30377591
1246,-142.822023338,-165.347701468
1255,-147.654364011,-167.558245464
1273,-147.654364011,-166.399952798
1281,-137.719995984,-165.041228359
1294,-137.719995984,-164.018889943
1298,-142.822023338,-163.826388281
1301,-142.822023338,-165.449880637
1308,-142.822023338,-164.940127734
1311,-142.822023338,-164.070855717
1331,-144.958990958,-164.617318054
1332,-147.654364011,-166.117125944
1334,-137.719995984,-163.986552445
1339,-137.719995984,-163.887538225
1344,-147.654364011,-164.262064463
1346,-147.654364011,-163.991530701
1348,-147.654364011,-163.820917569
1355,-142.822023338,-163.173241099
1372,-142.822023338,-162.946617753
1374,-142.822023338,-162.420636543
1375,-142.822023338,-161.842988685
1380,-137.719995984,-161.128271519
1386,-137.719995984,-161.039931551
1389,-137.719995984,-160.873400284
1406,-144.958990958,-163.314446822
1407,-147.654364011,-164.868234865
1411,-147.654364011,-165.347572403
1412,-147.654364011,-163.771852784
1413,-147.654364011,-162.508983899
1435,-147.654364011,-162.123285926
1438,-137.719995984,-161.439508086
1440,-137.719995984,-161.255634843
1445,-137.719995984,-160.880622545
1446,-137.719995984,-160.334160209
1450,-142.822023338,-160.293812088
1451,-142.822023338,-161.005845067
1453,-142.822023338,-160.006293747
1468,-144.958990958,-161.585505021
1469,-144.958990958,-161.464998947
1472,-145.917895057,-161.721996311
1482,-145.917895057,-162.897381755
1486,-137.719995984,-161.241956304
1488,-137.719995984,-159.852176172
1500,-142.355139536,-159.909305708
1501,-142.355139536,-159.631241435
1504,-142.355139536,-159.099302697
1515,-142.822023338,-158.636457362
1527,-143.109456456,-158.867780844
1528,-143.109456456,-160.015191982
1536,-137.719995984,-158.444825147
1543,-137.719995984,-158.138812514
1545,-137.719995984,-157.622819764
1561,-142.355139536,-157.759806512
1565,-143.109456456,-157.885273735
1566,-143.109456456,-158.761989471
1567,-142.822023338,-157.584008727
1577,-144.569333351,-158.076194757
1578,-144.569333351,-158.955322509
1594,-144.569333351,-158.076194757
1598,-142.355139536,-157.761773652
1607,-144.569333351,-158.44400188
1611,-142.822023338,-157.452149781
1616,-144.569333351,-158.77284899
1623,-143.109456456,-157.457898443
1630,-137.719995984,-156.856837209
1638,-142.355139536,-156.728967482
1645,-142.355139536,-157.454496226
1649,-142.355139536,-156.762363167
1650,-142.355139536,-156.527079615
1653,-142.355139536,-156.037089101
1657,-142.355139536,-155.956599896
1674,-137.719995984,-155.368685817
1676,-137.719995984,-155.322337688
1685,-142.355139536,-156.964503382
1687,-142.822023338,-156.821514532
1691,-143.109456456,-158.182284887
1694,-143.109456456,-158.98582704
1695,-128.615874899,-157.368149123
1701,-144.569333351,-158.602696655
1705,-144.569333351,-158.602696655
1720,-142.355139536,-158.277745513
1721,-142.355139536,-157.459752717
1727,-142.355139536,-157.292497899
1729,-142.355139536,-156.497602034
1731,-142.355139536,-155.857042275
1741,-142.355139536,-155.634129759
1747,-142.355139536,-155.383636293
1753,-119.662282817,-154.450934065
1757,-119.662282817,-153.891659433
1763,-119.662282817,-153.159333885
1783,-128.615874899,-153.114707656
1784,-128.615874899,-154.22331039
1790,-137.719995984,-154.856564969
1791,-137.719995984,-154.759956437
1805,-137.719995984,-153.712955204
1822,-137.719995984,-153.570330324
1831,-119.662282817,-152.68399322
1832,-119.662282817,-151.983304534
1837,-137.719995984,-154.871823325
1838,-142.355139536,-156.728907611
1840,-142.822023338,-157.08392153
1842,-142.822023338,-158.247533769
1846,-142.822023338,-156.826633953
1847,-142.822023338,-155.619807986
1852,-142.822023338,-155.289190557
1873,-142.355139536,-154.161620107
1874,-137.719995984,-153.548503474
1879,-137.719995984,-154.585640193
1885,-119.662282817,-152.606003468
1901,-137.719995984,-153.381012635
1921,-128.615874899,-152.682940607
1924,-128.615874899,-152.423572476
1934,-111.4662098,-151.1672425
1944,-111.4662098,-150.31156067
1956,-111.4662098,-149.884551688
1964,-119.662282817,-152.160315101
1965,-119.662282817,-150.782438868
1994,-121.243614379,-150.814065499
2001,-121.243614379,-150.79319475
2011,-111.4662098,-150.597646658
2012,-111.4662098,-150.173719033
2027,-111.4662098,-149.956368748
2028,-111.4662098,-149.116402888
2035,-118.018788747,-149.064750374
2036,-118.018788747,-149.189556286
2043,-118.018788747,-148.742597253
2054,-118.018788747,-148.409541755
2059,-119.662282817,-148.266960998
2060,-119.662282817,-149.069648275
2084,-111.4662098,-148.905726815
2092,-111.4662098,-148.111706318
2097,-111.4662098,-147.821540739
2104,-111.4662098,-147.012563115
2120,-118.018788747,-148.821165104
2128,-119.662282817,-148.854034985
2134,-119.662282817,-148.092976705
2137,-119.662282817,-147.671874266
2147,-121.243614379,-148.055431484
2155,-128.615874899,-149.435503343
2159,-128.615874899,-150.83039226
2160,-128.615874899,-149.952642129
2164,-128.615874899,-149.158468797
2167,-128.615874899,-149.860892776
2168,-118.018788747,-148.535675196
2172,-118.018788747,-148.168382695
2195,-118.018788747,-147.393653317
2202,-118.018788747,-147.023979753
2203,-118.018788747,-146.986113967
2208,-121.243614379,-147.609555942
2210,-128.615874899,-148.419642967
2213,-111.4662098,-147.680574303
2221,-111.4662098,-147.557710798
2228,-128.615874899,-148.230992876
2246,-128.615874899,-148.724126072
2249,-118.018788747,-147.626748793
2256,-118.018788747,-146.889066401
2259,-118.018788747,-146.686089242
2260,-118.018788747,-146.619306965
2261,-118.018788747,-146.289532982
2263,-118.018788747,-145.600920757
2277,-118.018788747,-146.709237238
2291,-119.662282817,-146.951563616
2305,-119.662282817,-146.007299704
2321,-121.243614379,-146.465543171
2326,-121.243614379,-146.053846656
2327,-121.243614379,-145.976844791
2336,-118.018788747,-145.912348279
2343,-118.018788747,-145.658026553
2362,-127.004109684,-146.654520513
2366,-119.662282817,-145.690896435
2368,-119.662282817,-145.440113323
2369,-119.662282817,-144.359886099
2375,-111.4662098,-143.530542858
2382,-111.4662098,-142.898920025
2403,-118.018788747,-143.029971604
2404,-118.018788747,-142.855182689
2410,-119.662282817,-143.765685658
2415,-119.662282817,-143.311491959
2435,-120.411731912,-144.063909023
2446,-111.4662098,-143.147570498
2452,-118.018788747,-143.092537581
2453,-118.018788747,-145.310680275
2457,-118.018788747,-143.895993687
2460,-118.018788747,-143.376011297
2462,-120.411731912,-143.248894521
2466,-120.411731912,-144.781301161
2473,-121.243614379,-144.428826446
2481,-121.243614379,-144.490490944
2501,-111.4662098,-143.155247215
2507,-118.018788747,-143.103647564
2514,-118.018788747,-144.484993859
2519,-118.018788747,-142.649809251
2521,-118.018788747,-142.003814964
2525,-118.018788747,-141.418771415
2526,-118.018788747,-141.171885862
2531,-119.662282817,-141.966913501
2548,-119.662282817,-141.603524509
2554,-120.411731912,-142.0455791
2555,-120.411731912,-142.200549879
2556,-111.4662098,-141.415166548
2575,-118.018788747,-141.358910485
2576,-118.018788747,-141.43208883
2602,-118.018788747,-140.653865076
2611,-118.018788747,-140.440203796
2613,-119.662282817,-140.850246379
2620,-119.662282817,-141.906150842
2624,-119.662282817,-142.090774561
2625,-120.411731912,-141.260828465
2647,-120.411731912,-142.293327221
2650,-116.53760189,-140.766363933
2651,-116.097570258,-140.094416959
2654,-116.097570258,-139.826113026
2658,-116.097570258,-139.202539733
2665,-116.097570258,-139.03745141
2673,-111.4662098,-137.705457286
2705,-116.53760189,-139.851836099
2717,-116.53760189,-140.490909895
2723,-116.53760189,-139.282651732
2727,-116.53760189,-139.075638767
2737,-116.53760189,-138.405313538
2749,-118.018788747,-140.394795241
2750,-118.018788747,-138.851593368
2753,-116.097570258,-138.396512905
2758,-116.097570258,-137.835845279
2765,-116.097570258,-137.606251036
2780,-118.018788747,-138.487464109
2785,-119.959269408,-139.907345434
2789,-116.53760189,-139.439950563
2799,-111.4662098,-138.293918912
2809,-111.4662098,-137.651052752
2823,-111.4662098,-137.594253087
2826,-111.4662098,-137.00220594
2828,-111.4662098,-136.373916318
2833,-116.53760189,-136.954986095
2835,-116.53760189,-137.369366274
2861,-118.018788747,-138.47957937
2871,-118.018788747,-138.216545678
2880,-111.4662098,-137.267938432
2881,-111.4662098,-136.436409937
2884,-111.4662098,-136.335044442
2897,-111.4662098,-135.741562263
2914,-116.097570258,-138.335258109
2916,-116.097570258,-136.4283011
2917,-116.097570258,-136.176912844
2923,-109.651191196,-135.451578767
2940,-116.097570258,-136.806964926
2945,-116.097570258,-136.424930566
2951,-111.4662098,-135.487879139
2953,-116.097570258,-135.81104739
2956,-116.097570258,-137.462968015
2967,-116.097570258,-136.240511002
2974,-109.651191196,-135.287850266
2983,-109.651191196,-135.147730236
3002,-111.4662098,-135.184030608
3018,-116.097570258,-136.647380309
3024,-116.097570258,-135.939682278
3026,-116.097570258,-135.624779835
3032,-116.097570258,-135.342607935
3033,-116.097570258,-134.904127692
3035,-116.53760189,-135.158394604
3036,-116.53760189,-136.743624466
3040,-109.651191196,-134.648250536
3062,-109.651191196,-133.986188065
3069,-111.4662098,-134.34392986
3072,-111.4662098,-134.87945816
3083,-111.4662098,-133.979002668
3108,-109.651191196,-133.297523676
3118,-116.097570258,-135.88363693
3121,-116.53760189,-137.303047469
3125,-116.53760189,-136.960972153
3127,-116.53760189,-136.745984764
3140,-118.018788747,-137.144629198
3142,-118.018788747,-138.550839674
3147,-118.018788747,-137.372418427
3148,-118.018788747,-136.344454708
3156,-109.651191196,-134.824504798
3167,-109.651191196,-134.019487679
3169,-109.651191196,-133.370757271
3183,-109.651191196,-132.839320179
3197,-109.651191196,-132.699770217
3214,-116.097570258,-136.094408515
3217,-116.097570258,-135.5769066
3224,-116.097570258,-135.279854154
3225,-116.097570258,-134.191482201
3234,-116.097570258,-133.874097217
3246,-109.651191196,-133.194596912
3263,-109.651191196,-132.568155642
3267,-111.4662098,-135.361195053
3268,-111.4662098,-134.697495223
3273,-116.097570258,-137.261135044
3278,-116.53760189,-136.759949999
3279,-118.018788747,-139.573128073
3282,-119.662282817,-141.314640328
3286,-119.662282817,-141.77117866
3288,-119.959269408,-141.447012329
3297,-119.959269408,-142.533923989
3299,-119.959269408,-141.200144192
3303,-119.959269408,-140.680209451
3305,-109.651191196,-138.80617549
3319,-109.651191196,-137.11964778
3322,-111.4662098,-135.634747875
3324,-111.4662098,-137.212483103
3326,-116.097570258,-135.729265435
3327,-116.097570258,-135.375055901
3336,-116.097570258,-134.422664594
3345,-116.097570258,-134.240891288
3361,-109.651191196,-134.111963706
3375,-109.651191196,-132.547655743
3388,-111.4662098,-133.275577174
3400,-116.53760189,-134.326575266
3401,-116.53760189,-135.149187533
3407,-116.097570258,-133.961995166
3414,-116.53760189,-134.016153277
3426,-116.53760189,-133.77062043
3435,-116.53760189,-134.421223249
3437,-116.53760189,-134.129386614
3446,-111.4662098,-133.324532218
3448,-111.4662098,-132.730741435
3457,-111.4662098,-132.201203717
3465,-109.651191196,-131.543443191
3471,-109.651191196,-131.366933501
3496,-111.4662098,-132.743041271
3497,-111.4662098,-132.322244782
3503,-111.4662098,-132.113298337
3508,-111.4662098,-132.087547942
3515,-111.4662098,-132.04417596
3528,-111.4662098,-131.902452847
3534,-111.4662098,-131.607571907
3535,-116.097570258,-132.682761598
3538,-116.097570258,-135.409533735
3552,-116.097570258,-134.208980891
3557,-116.097570258,-132.731255411
3573,-116.097570258,-132.117533345
3577,-116.097570258,-134.470104003
3578,-116.097570258,-132.450930903
3583,-115.072575281,-131.776634183
3584,-115.072575281,-131.563835832
3588,-115.072575281,-133.040801016
3594,-115.072575281,-132.16693426
3600,-116.097570258,-134.768763271
3607,-116.097570258,-132.741404154
3612,-116.097570258,-132.150029601
3614,-116.097570258,-132.881490717
3626,-116.4194433,-132.898987041
3627,-116.4194433,-133.205498326
3633,-111.4662098,-132.378892826
3647,-111.4662098,-131.715853305
3651,-109.651191196,-131.03295573
3656,-111.4662098,-132.808024507
3663,-115.072575281,-133.901147366
3666,-115.072575281,-132.460671778
3671,-115.072575281,-132.328221812
3674,-116.097570258,-133.424469241
3679,-116.097570258,-132.208995432
3694,-109.651191196,-131.351748447
3700,-116.097570258,-131.588926041
3711,-111.4662098,-131.186471716
3722,-111.4662098,-130.651277584
3739,-109.651191196,-130.027449493
3770,-111.4662098,-131.668116013
3782,-111.4662098,-130.989902294
3797,-115.072575281,-132.751996719
3802,-115.072575281,-132.089001275
3808,-109.651191196,-130.953601922
3809,-109.651191196,-130.428397606
3841,-115.072575281,-130.729100693
3844,-111.4662098,-130.144281475
3847,-111.4662098,-130.006501849
3849,-115.072575281,-130.25049489
3851,-115.072575281,-130.503045016
3861,-116.097570258,-133.332946364
3862,-116.4194433,-131.836629723
3870,-116.4194433,-133.310913253
3874,-116.4194433,-132.616456704
3875,-116.4194433,-131.538515229
3878,-109.651191196,-130.41128403
3884,-109.651191196,-130.279637834
3898,-111.4662098,-130.126452841
3901,-111.4662098,-129.82537529
3910,-115.072575281,-129.721689516
3915,-115.072575281,-130.513328167
3920,-116.097570258,-130.36837846
3924,-116.097570258,-131.592187421
3926,-116.097570258,-130.507672616
3937,-109.651191196,-129.765489769
3959,-111.4662098,-129.396455858
3968,-111.4662098,-128.908557711
3969,-115.072575281,-129.199013609
3975,-115.072575281,-131.76748442
3977,-115.072575281,-130.355636484
3979,-116.097570258,-129.836044329
3982,-116.4194433,-130.474271004
3985,-116.4194433,-132.791632135
3994,-116.4194433,-131.140103754
3998,-109.651191196,-130.057809408
4013,-109.651191196,-130.041507513
4018,-109.651191196,-129.339720058
4019,-109.651191196,-128.993855557
4025,-109.651191196,-130.134284118
4027,-109.651191196,-128.715429952
4030,-109.651191196,-128.262569118
4040,-109.651191196,-127.853663311
4046,-31.9970645132,-126.300580778
4063,-31.9970645132,-125.660644649
4076,-31.9970645132,-125.14809957
4082,-31.9970645132,-124.586723474
4113,-31.9970645132,-124.233135777
4137,-109.651191196,-128.103924496
4141,-107.425545441,-126.430558214
4142,-107.425545441,-126.185296549
4152,-35.6709602742,-124.150658356
4162,-35.6709602742,-123.817088323
4163,-35.6709602742,-123.759216253
4178,-107.425545441,-126.821118889
4181,-106.262261914,-125.171042286
4183,-32.1236493624,-123.084972103
4213,-106.262261914,-126.034354717
4229,-35.7554162417,-123.157607441
4245,-106.262261914,-126.679839361
4247,-106.262261914,-126.312646569
4271,-106.262261914,-125.13394092
4273,-31.9736479376,-123.045713124
4285,-106.262261914,-125.450681343
4287,-106.262261914,-125.434135688
4289,-107.425545441,-127.631746242
4296,-77.9181355116,-124.86725316
4308,-77.9181355116,-124.50970978
4323,-107.425545441,-125.164759266
4327,-107.425545441,-126.451837303
4329,-107.425545441,-126.416555638
4332,-107.425545441,-125.164759266
4342,-49.0087173185,-123.641638427
4352,-109.651191196,-127.455733663
4353,-111.4662098,-126.556369743
4373,-111.4662098,-128.706355638
4375,-111.4662098,-126.556369743
4376,-106.262261914,-126.150487586
4392,-109.651191196,-126.218266172
4393,-109.651191196,-125.647947146
4397,-107.425545441,-125.072233903
4410,-109.651191196,-125.432370402
4412,-44.0132204696,-123.803987403
4424,-44.0132204696,-123.20508175
4427,-44.0132204696,-121.712128545
4436,-61.3877660457,-123.112428513
4437,-61.3877660457,-123.33633833
4443,-61.3877660457,-122.767958734
4461,-106.262261914,-124.546634498
4478,-70.8132498563,-122.95646841
4487,-106.262261914,-125.848485351
4492,-106.262261914,-125.0904566
4497,-71.7888050429,-122.975979514
4501,-71.7888050429,-122.825726413
4510,-37.1823326157,-120.877013537
4547,-39.793137287,-120.92922963
4551,-71.7888050429,-125.221209244
4558,-71.7888050429,-124.338334133
4559,-106.262261914,-124.372405757
4563,-106.262261914,-126.153527902
4569,-106.262261914,-124.165286194
4576,-106.262261914,-123.453902803
4596,-106.262261914,-123.24869462
4598,-35.6781464912,-121.275720138
4613,-35.6781464912,-121.191528954
4617,-35.6781464912,-120.340541068
4620,-31.979117184,-118.309771268
4629,-91.0216359748,-123.467411314
4634,-91.0216359748,-124.255406836
4647,-91.0216359748,-122.463918358
4657,-107.425545441,-125.333982726
4658,-109.651191196,-125.491461082
4660,-111.4662098,-126.558559769
4667,-112.384572318,-129.426770266
4681,-65.7269860118,-128.152774581
4682,-63.9815914991,-124.392235927
4693,-63.9815914991,-123.093972885
4698,-63.9815914991,-122.245743617
4699,-65.7269860118,-122.36770926
4701,-106.262261914,-123.194959788
4702,-106.262261914,-124.544860702
4703,-106.262261914,-122.879571501
4716,-106.262261914,-122.285970298
4719,-33.3860957561,-120.283618791
4744,-107.425545441,-126.028410467
4753,-35.8944062373,-121.638500406
4755,-35.8944062373,-121.505194843
4760,-31.9899097926,-118.848337958
4788,-31.9899097926,-118.304728414
4797,-31.9899097926,-118.175270024
4800,-33.533790987,-117.895320472
4801,-33.533790987,-118.651442244
4816,-106.262261914,-124.984315579
4817,-106.262261914,-127.660970445
4818,-106.262261914,-125.342042194
4822,-106.262261914,-123.227152085
4826,-106.262261914,-122.872623345
4859,-107.425545441,-123.869717851
4861,-75.4182943791,-122.255743994
4868,-75.4182943791,-120.914377295
4874,-75.4182943791,-120.419953651
4884,-86.0042184858,-121.265216991
4888,-86.0042184858,-123.293741753
4893,-86.0042184858,-121.273710955
4898,-86.0042184858,-120.639456752
4934,-86.0042184858,-120.106564253
4939,-86.0042184858,-120.006596423
4942,-33.2628258927,-118.039039002
4945,-32.0086527013,-116.062204137
4953,-32.0086527013,-115.568045486
4965,-33.2628258927,-118.975614245
4971,-33.2628258927,-117.118383663
4989,-33.2628258927,-116.665424241
5007,-86.0042184858,-120.400898809
5008,-105.390427615,-120.426751948
5010,-105.967903779,-122.921385147
5015,-106.551547046,-126.126769677
5021,-32.3728794055,-124.251691872
5031,-32.3728794055,-123.115827362
5033,-32.3728794055,-122.721132466
5049,-106.551547046,-124.291626618
5050,-107.425545441,-126.397131774
5051,-105.967903779,-125.988547214
5059,-105.967903779,-123.919366458
5060,-105.967903779,-122.773924751
5065,-105.390427615,-122.426254808
5067,-105.390427615,-121.123718562
5068,-33.31887528,-118.373411489
5082,-33.31887528,-118.149958807
5091,-33.31887528,-117.114177376
5099,-105.390427615,-120.607976791
5109,-105.390427615,-119.938258836
5110,-34.3962982934,-117.135725836
5112,-34.3962982934,-115.365811617
5143,-39.9461086148,-116.852511691
5151,-105.390427615,-119.787658542
5156,-105.390427615,-120.114280967
5164,-105.390427615,-119.703196356
5167,-43.1221353751,-117.301357588
5171,-105.390427615,-119.623705941
5174,-105.390427615,-118.885871068
5190,-105.967903779,-119.36863071
5203,-77.5259174629,-118.196773463
5204,-71.7888050429,-117.04198137
5229,-71.7888050429,-116.994715545
5233,-77.5259174629,-117.392953996
5238,-57.8898431386,-116.202891779
5245,-77.5259174629,-117.152903468
5247,-77.5259174629,-117.081456428
5254,-101.902570758,-117.657439795
5268,-105.967903779,-121.116582561
5272,-105.967903779,-121.967217486
5273,-105.967903779,-119.588419207
5294,-57.5270165238,-118.619601462
5302,-57.5270165238,-117.384686301
5305,-57.5270165238,-116.919197447
5309,-33.283902743,-115.246491553
5314,-33.283902743,-115.180815601
5321,-33.283902743,-114.760873781
5323,-33.283902743,-114.329846171
5328,-57.5270165238,-115.51121099
5344,-57.5270165238,-116.462858171
5349,-57.5270165238,-115.535844746
5357,-70.6337356772,-115.797979129
5370,-70.6337356772,-115.425808761
5389,-101.902570758,-118.544520211
5393,-101.902570758,-118.151582745
5396,-68.484230715,-115.382818662
5411,-101.902570758,-118.87420641
5412,-101.902570758,-117.182037417
5418,-101.902570758,-116.339932702
5431,-50.0500470947,-115.014134989
5435,-50.0500470947,-113.837737628
5440,-50.0500470947,-113.705236352
5454,-50.0500470947,-113.560593637
5459,-66.7554568646,-116.192133233
5467,-60.7005187873,-116.024835426
5479,-32.2111484826,-113.082716903
5507,-60.7005187873,-116.269230399
5510,-35.6659376118,-113.151812686
5524,-35.6659376118,-111.871752273
5534,-60.3086604157,-115.3349745
5557,-60.7005187873,-114.587102442
5560,-60.7005187873,-114.581071807
5568,-60.7005187873,-114.392947286
5575,-60.7005187873,-115.605331355
5580,-35.7192081435,-112.819472503
5588,-35.7192081435,-112.544277099
5614,-35.7192081435,-111.420837138
5620,-35.7192081435,-111.325255565
5629,-34.4114838413,-109.566529054
5632,-35.7192081435,-112.113872503
5665,-35.7192081435,-111.987137283
5666,-67.3221819774,-115.340791587
5669,-67.3221819774,-115.856783112
5676,-103.221783367,-119.065542807
5678,-103.221783367,-121.361964297
5692,-43.7460740428,-120.172450111
5693,-43.7460740428,-117.836935944
5701,-105.390427615,-117.318611164
5708,-105.390427615,-118.050667128
5718,-105.390427615,-116.874417513
5720,-101.902570758,-116.574980578
5724,-101.902570758,-116.366076702
5729,-101.902570758,-115.735980787
5731,-45.8508403088,-113.830190237
5734,-33.4318590275,-111.928494465
5745,-33.4318590275,-111.554045878
5752,-33.4318590275,-111.531242923
5762,-33.4318590275,-112.813929615
5764,-45.8508403088,-116.915187775
5770,-35.7487952917,-112.860268341
5778,-35.7487952917,-112.223205283
5795,-35.7487952917,-111.772828541
5816,-45.8508403088,-113.295062148
5823,-40.8509042818,-111.483035039
5827,-45.8508403088,-114.931015439
5830,-100.409264992,-116.022183933
5831,-100.409264992,-114.037944333
5832,-100.409264992,-115.707659949
5858,-100.409264992,-114.837889883
5863,-41.9919320976,-112.597024089
5872,-100.409264992,-116.66314486
5885,-47.515173424,-112.707488915
5886,-47.515173424,-112.533282273
5889,-47.515173424,-113.646425129
5899,-51.193456547,-114.070860862
5914,-51.193456547,-111.576884231
5922,-51.193456547,-110.882494982
5947,-61.0350970396,-114.574688902
5948,-61.0350970396,-114.331985554
5949,-61.0350970396,-114.029793105
5952,-86.0042184858,-113.140130774
5956,-46.7384829323,-111.812097817
5974,-46.7384829323,-111.639655334
5979,-86.0042184858,-114.232627675
5990,-86.0042184858,-113.515004474
5991,-86.0042184858,-112.708318706
5996,-86.0042184858,-112.669374998
6008,-60.7903205719,-111.47606693
6009,-60.7005187873,-110.281842667
6022,-86.0042184858,-113.922403644
6034,-48.7481828514,-113.177282932
6050,-19.2545631973,-110.049178568
6065,-19.2545631973,-109.602763777
6081,-35.6823732271,-110.610455016
6083,-32.0841166644,-108.169016679
6089,-32.0841166644,-106.531723378
6106,-38.0946044048,-112.458985344
6110,-38.0946044048,-112.98672466
6111,-38.0946044048,-109.959760168
6115,-38.0946044048,-109.946784917
6155,-38.0946044048,-109.447457855
6158,-38.0946044048,-109.233378592
6163,-38.0946044048,-110.592382468
6166,-48.7481828514,-113.493484485
6179,-18.9364616247,-110.209219612
6185,-18.9364616247,-109.139899485
6196,-48.7481828514,-110.755330968
6199,-48.7481828514,-111.668322803
6210,-48.7481828514,-109.726633063
6212,-48.7481828514,-109.106656524
6219,-31.9983083209,-108.771659034
6223,-59.3204357298,-110.334875491
6225,-88.8948792998,-114.239262676
6232,-35.3627838273,-112.661733099
6234,-35.3627838273,-110.687869093
6242,-88.8948792998,-114.557651375
6266,-100.171651547,-114.930585017
6268,-100.171651547,-115.235142666
6270,-96.6210597645,-112.738306375
6277,-36.0397782061,-110.420257789
6284,-36.0397782061,-108.771417389
6289,-47.716447469,-110.134534802
6290,-47.716447469,-112.228300261
6294,-19.1430204111,-108.314704515
6307,-19.1430204111,-107.072055765
6312,-19.1430204111,-106.811929569
6324,-47.716447469,-111.803537166
6336,-47.716447469,-109.725776843
6341,-35.7111607056,-107.143292374
6370,-47.716447469,-108.959548783
6384,-57.0734832826,-110.812934009
6409,-57.0734832826,-110.419153838
6417,-18.9369068128,-108.267412352
6420,-18.9369068128,-106.567288075
6434,-35.6904863829,-107.241846295
6440,-52.6648178192,-107.485404221
6444,-52.6648178192,-109.375698616
6446,-57.0734832826,-109.70924837
6456,-57.0734832826,-112.00973316
6465,-57.0734832826,-110.652666835
6476,-57.0734832826,-110.117256909
6489,-57.0734832826,-109.16291171
6490,-57.0734832826,-111.097962242
6492,-57.0734832826,-109.16291171
6498,-57.0734832826,-111.519019972
6500,-57.0734832826,-111.167426234
6501,-44.2265378418,-107.864184233
6528,-22.080803899,-107.421269554
6544,-22.080803899,-104.521847244
6555,-47.2094624436,-107.164985761
6560,-57.0734832826,-109.439718582
6579,-47.9140423318,-107.179077359
6598,-57.0734832826,-108.263962211
6603,-57.0734832826,-110.571095686
6607,-57.0734832826,-108.388127945
6611,-57.0734832826,-106.86830056
6616,-59.0903776474,-107.860922025
6620,-59.0903776474,-107.762470263
6631,-60.7933967921,-110.694847614
6632,-60.7933967921,-109.518968131
6637,-36.6152472363,-107.312967654
6649,-36.6152472363,-107.09448151
6653,-60.7933967921,-107.814729169
6654,-60.7933967921,-110.906336294
6659,-71.907382536,-110.34876639
6668,-71.907382536,-112.804768655
6675,-71.907382536,-110.751679377
6684,-47.4039661268,-110.261611049
6689,-47.4039661268,-107.607510672
6714,-47.4039661268,-106.383611707
6717,-52.256201747,-110.724123768
6721,-72.1406831971,-110.451340243
6737,-72.1406831971,-112.120091709
6738,-46.965542651,-109.181624291
6739,-46.965542651,-106.841857972
6747,-59.2214027942,-106.878473431
6749,-72.1406831971,-108.981121462
6750,-72.1406831971,-109.473643222
6757,-72.1406831971,-108.367240003
6782,-35.3272912924,-106.401641639
6784,-35.3272912924,-104.82224634
6808,-38.1852391076,-109.213848524
6816,-38.1852391076,-108.800637846
6818,-72.1406831971,-108.652248408
6821,-72.1406831971,-111.821005132
6822,-72.1406831971,-109.09358044
6831,-72.1406831971,-108.128951767
6833,-72.1406831971,-110.203980507
6843,-75.606938501,-113.278541921
6847,-22.5426222001,-109.212019287
6858,-22.5426222001,-108.012028075
6862,-22.5426222001,-105.684811833
6886,-35.520016038,-107.79967994
6891,-35.520016038,-105.660093367
6892,-35.520016038,-104.296750225
6900,-35.9015425644,-108.147857006
6903,-35.9015425644,-107.912617023
6915,-17.6623262997,-103.93959643
6952,-35.9015425644,-106.341211782
6956,-35.9015425644,-104.332002109
6960,-37.2826102495,-107.528173668
6983,-37.2826102495,-106.964174022
6984,-18.9624560565,-103.993220379
6995,-37.2826102495,-108.895369349
7000,-48.9437518953,-107.154679718
7008,-75.606938501,-110.180003981
7015,-75.606938501,-112.505487856
7016,-86.0081648812,-112.910132032
7025,-36.2108393073,-111.376146178
7033,-86.0081648812,-111.678073181
7035,-86.0081648812,-112.170748222
7036,-33.8561317419,-108.904178042
7052,-86.0081648812,-112.184896243
7060,-86.0042184858,-112.184817315
7061,-31.9736479376,-108.866449438
7071,-31.9736479376,-106.792756436
7092,-22.8119067603,-104.522758066
7101,-22.8119067603,-102.859480067
7102,-31.9736479376,-105.493014408
7104,-33.7670050614,-108.578113326
7116,-33.7670050614,-105.071576828
7127,-39.1045277374,-105.614500627
7158,-45.3276792193,-109.92514387
7160,-60.9131949925,-110.06699378
7164,-31.9752953481,-108.505159812
7187,-60.9131949925,-111.968354574
7190,-86.0042184858,-111.235633557
7192,-86.0042184858,-111.235633557
7200,-64.0541828043,-110.292004542
7209,-64.0541828043,-108.841847895
7214,-64.0541828043,-107.894361378
7215,-80.5545716968,-108.077853309
7219,-80.5545716968,-110.841021893
7232,-80.5545716968,-110.728494439
7242,-35.3122030623,-106.622540305
7254,-80.5545716968,-110.301123987
7260,-40.6124261061,-106.728544765
7274,-26.8819175398,-104.902652235
7276,-26.8819175398,-104.853412688
7311,-80.5545716968,-111.285197258
7312,-53.0642248455,-107.566596381
7313,-53.0642248455,-106.698786033
7319,-53.0642248455,-107.509533849
7329,-53.0642248455,-107.168962987
7333,-80.5545716968,-110.993973765
7336,-80.5545716968,-109.80789447
7341,-80.5545716968,-108.136320349
7379,-80.5545716968,-107.685885382
7388,-86.0042184858,-111.310299592
7389,-30.9049738231,-109.702193076
7390,-30.9049738231,-107.488814584
7394,-46.8407870126,-107.807530848
7399,-86.0042184858,-108.802806168
7408,-89.6329645616,-110.04231126
7411,-40.4996407712,-108.65145785
7420,-89.6329645616,-111.340400226
7422,-89.6329645616,-111.136798667
7441,-96.6210597645,-111.20548036
7446,-100.171651547,-112.328142191
7447,-33.2852174279,-110.747283695
7449,-34.0674287977,-110.762927923
7460,-34.0674287977,-106.40913236
7475,-34.0674287977,-104.541820282
7493,-34.0674287977,-104.449339174
7496,-34.0674287977,-103.62880577
7503,-34.0674287977,-102.214121271
7516,-38.4966785605,-101.73943964
7525,-42.1850007795,-103.454487766
7535,-46.0086738474,-107.321190185
7541,-46.0086738474,-106.894460875
7547,-53.2626465609,-109.945776511
7568,-36.5891644207,-106.393886675
7577,-53.2626465609,-107.429772432
7580,-56.272509083,-111.453682206
7582,-31.9835042352,-109.864278646
7584,-56.272509083,-111.437339638
7586,-56.272509083,-111.437339638
7589,-56.272509083,-113.887518248
7603,-70.5984400681,-113.150983288
7604,-59.3829679656,-112.075622982
7611,-59.3829679656,-111.639087591
7616,-59.3829679656,-109.588466918
7626,-59.3829679656,-111.927177313
7638,-70.5984400681,-107.773741107
7645,-70.5984400681,-107.773741107
7651,-70.5984400681,-110.082409958
7660,-70.5984400681,-109.213126911
7664,-23.3752265635,-106.085770816
7681,-23.3752265635,-105.106679969
7685,-53.5616703886,-105.710408846
7695,-53.5616703886,-105.157848344
7701,-19.050317054,-103.210465819
7706,-35.9900285387,-103.549260048
7728,-35.9900285387,-103.319031479
7733,-53.5616703886,-106.659867789
7734,-53.5616703886,-105.37259899
7766,-67.0647025221,-104.968664848
7767,-70.5984400681,-105.306511605
7768,-70.5984400681,-106.286050527
7777,-70.5984400681,-105.78810583
7791,-35.5502699225,-103.911386772
7802,-28.543169257,-102.160298752
7811,-35.5502699225,-103.449304609
7815,-35.5502699225,-106.83472036
7829,-35.5502699225,-105.944048865
7832,-70.5984400681,-106.22073804
7833,-70.5984400681,-106.642415323
7835,-19.3982370609,-103.603369903
7849,-70.5984400681,-108.463486231
7851,-70.5984400681,-104.667786761
7878,-70.5984400681,-104.559650763
7890,-72.619079982,-108.137439804
7891,-74.1424474751,-107.524587771
7892,-74.1424474751,-109.039207283
7893,-31.9736479376,-105.999884587
7894,-31.9736479376,-103.294204865
7909,-18.9364620617,-103.033461147
7915,-19.412296109,-103.042977828
7951,-19.412296109,-102.074160649
7968,-19.412296109,-101.208485245
7975,-47.9715772088,-102.877795227
7978,-47.9715772088,-103.559723561
8000,-71.7888050429,-107.058774496
8001,-71.7888050429,-106.385382389
8004,-71.7888050429,-105.732617407
8009,-71.7888050429,-104.694175527
8010,-71.7888050429,-106.290935445
8040,-73.4569433083,-105.876385942
8043,-33.8943671537,-104.436745567
8046,-73.4569433083,-105.408632416
8048,-73.4569433083,-105.414640295
8059,-17.554187021,-104.29658517
8064,-17.554187021,-102.662187463
8074,-47.9972300475,-104.341284622
8101,-47.9972300475,-103.338970498
8107,-47.9972300475,-102.185167041
8115,-47.9972300475,-101.046345396
8123,-56.6840478586,-104.203515238
8126,-56.6840478586,-101.260894633
8139,-57.3444884744,-103.048924671
8140,-60.7005187873,-103.721497385
8141,-64.3565427582,-105.468294606
8149,-64.3565427582,-107.944182316
8151,-64.3565427582,-105.791023873
8152,-17.5552720436,-103.216257661
8185,-17.5552720436,-102.290848661
8207,-64.3565427582,-104.410919349
8209,-40.3380140393,-101.400526368
8214,-54.3059013134,-105.962648617
8220,-54.3059013134,-102.799040152
8231,-23.6516653793,-100.991744908
8252,-54.3059013134,-105.134060783
8256,-64.3565427582,-104.493614479
8264,-64.3565427582,-107.111935237
8271,-64.3565427582,-106.045258325
8272,-64.3565427582,-105.70954992
8281,-64.3565427582,-104.493614479
8286,-29.1277433608,-102.986297056
8311,-64.3565427582,-104.513822899
8313,-74.1424474751,-104.426362176
8317,-74.1424474751,-104.722264913
8324,-60.7005187873,-103.551845308
8342,-27.6190745055,-101.833273747
8350,-27.6190745055,-100.347836354
8374,-27.6190745055,-98.7341480533
8387,-23.929321165,-96.9627858614
8397,-27.6190745055,-100.792118897
8399,-27.6190745055,-100.735660995
8407,-27.6190745055,-99.649730936
8410,-31.98585576,-100.612211559
8415,-31.98585576,-103.143028649
8423,-31.98585576,-101.41580047
8439,-60.7005187873,-104.418866003
8441,-60.7005187873,-105.594537377
8450,-60.7005187873,-105.496646393
8470,-74.1424474751,-106.710828967
8479,-29.0335646905,-104.125342551
8491,-74.1424474751,-105.607573537
8497,-48.9028277147,-104.47347862
8508,-40.4996407712,-102.355984621
8510,-40.8576844822,-104.886768716
8520,-40.8576844822,-108.014439474
8524,-74.1424474751,-108.220746308
8526,-34.2071058522,-106.740473499
8544,-74.1424474751,-106.283833698
8554,-74.1424474751,-106.969523426
8563,-32.5648848936,-103.709630207
8564,-32.5648848936,-103.224055747
8575,-74.1424474751,-104.666079642
8581,-11.7056541155,-102.806871131
8593,-11.7056541155,-100.989529679
8608,-11.7056541155,-99.7288482759
8612,-11.7056541155,-98.8721952
8613,-11.7056541155,-98.3979197751
8629,-11.7056541155,-97.5921266311
8637,-30.5425748904,-100.570989243
8659,-18.1278111203,-97.7205697712
8699,-30.5425748904,-101.947283481
8704,-18.756608188,-97.7331457125
8709,-53.6451622093,-102.089836953
8716,-53.6451622093,-104.087619853
8727,-53.6451622093,-102.303248461
8752,-53.6451622093,-101.783439316
8762,-73.4569433083,-106.534938063
8763,-73.4569433083,-109.13193585
8766,-73.4569433083,-108.198692848
8770,-73.4569433083,-105.592182666
8778,-21.3158136102,-104.549360072
8780,-13.2470308125,-100.61806436
8782,-13.2470308125,-98.2493912896
8794,-20.6197974226,-102.383929146
8807,-20.6197974226,-102.227955184
8809,-20.6197974226,-100.820640078
8823,-20.6197974226,-98.8438003957
8829,-21.3158136102,-102.670648798
8836,-21.3158136102,-99.7065756185
8844,-42.9674861182,-100.037082622
8850,-42.9674861182,-100.649203641
8854,-42.9674861182,-100.037082622
8858,-50.5644935138,-106.592359718
8862,-10.7662809643,-101.581028994
8863,-10.7662809643,-100.851746793
8873,-10.7662809643,-99.8503586758
8909,-50.5644935138,-101.668401078
8913,-28.6222362915,-100.207477782
8919,-42.5057550427,-100.027659539
8920,-42.5057550427,-101.559956204
8929,-41.8046407858,-98.863199164
8952,-32.2795930611,-95.8385700448
8966,-41.8046407858,-101.053085318
8967,-41.8046407858,-101.240234717
8978,-41.8046407858,-101.222966914
8979,-41.8046407858,-99.0990158165
8988,-41.8046407858,-98.562445381
8993,-41.8046407858,-97.475348727
8996,-42.5057550427,-98.0788824744
9000,-42.5057550427,-100.499838823
9011,-42.5057550427,-100.452083742
9012,-42.5057550427,-99.6869430508
9032,-42.5057550427,-98.7599582519
9034,-15.1221532697,-96.4197478903
9057,-20.2488514906,-96.2092574914
9061,-20.2488514906,-97.190459441
9063,-20.2488514906,-94.9519720587
9064,-20.2488514906,-93.2155051054
9072,-24.642862133,-95.8844002884
9079,-24.642862133,-94.9261190403
9123,-33.3449858581,-97.0069409201
9128,-33.3449858581,-96.360471222
9132,-33.3449858581,-98.0058811283
9133,-42.5057550427,-97.9865044597
9137,-44.2076126808,-99.4579107609
9138,-44.2076126808,-102.082915193
9140,-19.2945057726,-97.8546426611
9182,-19.2945057726,-97.8251463817
9198,-32.8019689472,-97.7884680088
9199,-12.0734984946,-96.0741686185
9200,-12.0734984946,-94.4306329717
9213,-30.8438321649,-99.3536764965
9215,-32.8019689472,-100.654053204
9217,-18.9398288569,-99.0197687171
9234,-18.9398288569,-98.2921608692
9254,-18.9398288569,-97.767681039
9264,-18.9398288569,-97.6215111287
9267,-18.9398288569,-94.6387617628
9274,-32.8019689472,-97.4904606239
9277,-32.8019689472,-96.3725197545
9282,-28.938149598,-94.7291143754
9284,-10.763288361,-92.7361690374
9287,-28.938149598,-97.5024753832
9291,-28.938149598,-96.9377856667
9294,-28.938149598,-93.142895534
9322,-31.0996131925,-97.7264649502
9334,-32.8019689472,-95.3858907883
9337,-32.8019689472,-95.5518848503
9356,-22.7258417112,-93.8011276196
9370,-22.7258417112,-92.5551186728
9379,-34.383941355,-97.1138243743
9380,-44.2076126808,-97.5635351826
9384,-44.2076126808,-97.7787240922
9390,-47.6600945512,-99.2804127865
9394,-47.6600945512,-97.6039768329
9415,-13.009515803,-95.4783262011
9433,-56.4197709594,-103.323302902
9440,-32.0258448047,-101.89735374
9449,-20.6009084588,-101.668855013
9450,-20.6009084588,-98.9152977998
9469,-56.4197709594,-101.049681465
9471,-42.1768722766,-99.8722252811
9486,-56.4197709594,-100.050132312
9492,-56.4197709594,-100.467084669
9501,-56.4197709594,-99.1773808836
9503,-31.9736479376,-97.3988988398
9507,-13.3769731228,-95.3746669207
9521,-13.3769731228,-94.3602182988
9531,-19.1445991489,-94.4755708193
9538,-19.1445991489,-92.7232584165
9570,-19.1445991489,-91.6360109289
9580,-31.9736479376,-94.8898906165
9588,-31.9736479376,-97.567381378
9597,-31.9736479376,-96.1465966365
9604,-31.9736479376,-93.804157776
9609,-13.0118655411,-91.8872223997
9624,-31.9736479376,-96.3472126512
9625,-40.603248593,-97.228421953
9630,-40.603248593,-99.9132352888
9633,-40.603248593,-98.1913134052
9641,-40.603248593,-96.0201669013
9649,-28.046776733,-93.6736425446
9674,-18.9384174362,-93.4914753587
9686,-18.9384174362,-92.0186295903
9694,-18.9384174362,-90.3264958999
9698,-18.9384174362,-89.0329499144
9704,-18.9384174362,-87.7195669143
9715,-23.7162961476,-92.6387669728
9716,-34.7435374071,-93.8778047915
9721,-34.7435374071,-96.380947772
9723,-34.7435374071,-95.4743128442
9739,-32.0772594944,-89.5880442912
9778,-25.1746056951,-87.9501011967
9793,-25.1746056951,-86.3406906104
9797,-26.5031458141,-89.1132187636
9802,-26.5031458141,-88.4371219812
9806,-19.029052418,-86.2177795448
9824,-32.0772594944,-89.2831861844
9830,-34.7435374071,-92.1520469158
9838,-40.603248593,-96.0186224615
9842,-40.603248593,-96.1251224244
9843,-40.603248593,-94.1413355875
9859,-40.603248593,-93.0350842993
9870,-36.7145004832,-91.2690463629
9899,-30.5129727925,-88.205983819
9901,-30.5129727925,-86.8313375318
9917,-36.7145004832,-91.3733854328
9921,-36.7145004832,-90.888339805
9922,-36.7145004832,-87.0188400589
9937,-39.8880991465,-91.4949470308
9943,-39.8880991465,-95.0128635806
9950,-39.8880991465,-94.0546586547
9958,-39.8880991465,-92.4955726316
9983,-19.3532000747,-88.7381649731
9992,-39.8880991465,-91.7682499899
9994,-35.2217113965,-89.0555351995
10001,-35.2217113965,-87.9847047532
10002,-35.2217113965,-91.3284149852
10003,-35.2217113965,-90.0337993321
10014,-13.835933065,-86.5017293194
10044,-35.2217113965,-87.8928151774
10048,-35.2217113965,-88.151699767
10058,-39.8880991465,-89.8049254079
10061,-39.8880991465,-88.6938214581
10064,-39.8880991465,-88.6552949065
10075,-34.5292930434,-87.2206355291
10121,-12.9647496131,-85.3547356415
10123,-12.3370359514,-83.4802899943
10146,-12.9647496131,-88.2180904173
10149,-12.9647496131,-87.197050107
10152,-12.9647496131,-85.2970394254
10191,-34.5292930434,-86.8366005194
10197,-34.5292930434,-86.7377195249
10213,-39.8880991465,-86.9425487656
10217,-39.8880991465,-87.7216016755
10218,-39.8880991465,-86.2643738419
10234,-39.8880991465,-85.6252750513
10244,-40.603248593,-85.5055547666
10245,-40.603248593,-88.6728401496
10255,-40.603248593,-87.6353209891
10268,-14.9393211938,-84.0942300952
10282,-14.9393211938,-82.6533491826
10287,-14.9393211938,-81.6857962709
10288,-14.9393211938,-81.6221205066
10290,-14.9393211938,-80.6135666516
10342,-14.9393211938,-79.0153686286
10363,-24.8961401225,-79.0672552667
10380,-24.8961401225,-81.7051545785
10381,-24.8961401225,-79.0132690805
10407,-40.603248593,-82.5361268839
10411,-37.9525392364,-81.6444551309
10440,-37.9525392364,-79.7226145774
10454,-9.6938772395,-79.1574413375
10501,-9.6938772395,-77.5986234037
10503,-24.9317510718,-77.9033808803
10515,-24.9317510718,-76.429149425
10556,-24.9317510718,-75.3979457992
10568,-26.4578615344,-75.6995439973
10570,-26.4578615344,-75.9032188167
10576,-8.87337203927,-74.0162505901
10578,-8.87337203927,-72.8896290121
10603,-15.495716375,-73.0220758988
10606,-26.4578615344,-77.495026036
10609,-26.4578615344,-74.77217957
10636,-26.4578615344,-73.6927037747
10642,-30.403002395,-77.5349328384
10651,-40.603248593,-77.3775765763
10656,-40.603248593,-81.1011877787
10657,-19.0509712247,-76.2110444693
10664,-15.2211987191,-73.240929895
10665,-10.0516235884,-71.3831956883
10684,-15.2211987191,-76.3782646351
10693,-16.2507538091,-72.6558717534
10703,-41.4942035466,-85.3684515485
10707,-41.4942035466,-86.1874970012
10715,-40.1974763959,-82.0722321003
10730,-40.1974763959,-81.7478508977
10738,-40.1974763959,-78.1457695079
10747,-40.1974763959,-76.0606996263
10757,-40.1974763959,-75.0349848395
10767,-40.1974763959,-77.9207994766
10785,-28.4531774101,-77.6859134969
10789,-13.4092693578,-73.5675845501
10791,-13.4092693578,-71.7563555678
10799,-13.4092693578,-70.6695018098
10808,-13.4092693578,-69.0787466494
10831,-16.1137476473,-69.4171672502
10848,-16.1137476473,-67.9891363617
10870,-16.1137476473,-66.3865958448
10872,-21.3820191445,-66.6052801087
10896,-27.0479608454,-76.230095379
10906,-27.0479608454,-75.972317259
10910,-28.4531774101,-75.1606277651
10921,-28.4531774101,-78.9832177505
10924,-15.0233451644,-73.9578821131
10927,-15.0233451644,-71.3465835306
10959,-15.0233451644,-68.8017538625
10962,-15.0233451644,-66.4550983422
10972,-15.0233451644,-64.8465788563
10991,-15.0233451644,-64.7165863391
11001,-15.0233451644,-63.9700525298
11002,-15.0233451644,-66.9276392861
11016,-21.0061186649,-71.885697258
11019,-21.0061186649,-75.972209475
11022,-21.0061186649,-75.6555681629
11031,-21.0061186649,-73.4408424422
11041,-21.0061186649,-73.2152480442
11047,-21.0061186649,-70.2328277583
11050,-21.0061186649,-69.5438538031
11062,-28.4531774101,-73.7347179333
11071,-29.2704108848,-73.4922356998
11080,-29.2704108848,-76.8240969457
11084,-29.2704108848,-74.9051590414
11087,-29.2704108848,-74.7189198043
11101,-29.2704108848,-72.0193007383
11104,-29.2704108848,-69.9712441031
11106,-0.238878831711,-66.8613572822
11124,-29.2704108848,-69.6394275764
11128,-30.5010263374,-72.2505926136
11129,-36.3294758732,-71.3320719647
11133,-20.8076998985,-70.3215845234
11153,-20.8076998985,-66.7807909869
11172,-30.0685675954,-70.4327587739
11180,-26.7395855481,-66.8994286999
11193,-26.7395855481,-65.6833696423
11207,-26.7395855481,-64.2014349397
11217,-26.7395855481,-63.4537694352
11225,-26.9271189223,-65.9614917871
11227,-26.9271189223,-68.3923923083
11232,-26.9271189223,-67.7889105999
11240,-30.0685675954,-69.6164023663
11246,-20.7371134223,-66.8844959863
11251,-20.7371134223,-66.5027615511
11269,-20.7371134223,-66.0428857839
11277,-26.6810017343,-65.0976830666
11281,0.12234359648,-63.7932825333
11287,0.12234359648,-62.2947974025
11310,-26.6810017343,-65.6556994326
11322,-26.6810017343,-63.5686166065
11328,-26.6810017343,-62.915516586
11334,-26.6810017343,-62.1503380471
11337,-26.6810017343,-65.7752832859
11347,-26.6810017343,-63.0948244744
11356,-26.6810017343,-61.6859340307
11363,-26.6810017343,-60.6323480468
11371,-30.9136155788,-65.8247016137
11383,-30.9136155788,-69.7679061689
11384,-30.9136155788,-69.0557027357
11387,-30.9136155788,-68.040