0,0,0
14,0,0
27,0,0.0
187,0,0.0
233,0,0.0
466,0,0
479,0,0.0
668,0,0.0
725,0,0.0
1062,1,1.0
2203,0,0.0
2463,0,0.0
2617,0,0.0
2936,1,1.0
3109,0,0.0
3240,1,1.0
4539,0,0.0
4751,0,0.0
4827,0,0.0
5049,0,0.0
5505,0,0
5588,0,0.0
7134,0,0.0
7233,1,1.0
8388,0,0
8466,0,0.0
8674,0,0.0
8746,1,1.0
9067,0,0.0
9732,1,1.0
10183,0,0.0
11631,0,0.0
11844,0,0
11922,0,0.0
12022,0,0
12093,0,0.0
12297,1,1.0
12562,0,0.0
12858,0,0.0
13220,1,1.0
13683,0,0
13838,0,0.0
14009,0,0.0
14720,1,1.0
14880,0,0
15041,0,0.0
15165,1,1.0
15483,1,1.0
16575,0,0.0
16772,0,0.0
17216,0,0.0
17580,0,0.0
17759,1,1.0
18300,0,0.0
18501,0,0.0
18699,0,0
18839,1,1.0
19304,1,1.0
19463,1,1.0
19685,0,0
19859,0,0.0
20015,0,0.0
20170,1,1.0
21055,0,0.0
21989,0,0.0
22224,1,1.0
22512,0,0.0
22618,1,1.0
22782,0,0.0
23183,1,1.0
24411,1,1.0
24466,0,0
24488,0,0.0
24578,1,1.0
25000,0,0.0
25049,0,0
25086,0,0.0
25153,2,2.0
25400,0,0
25466,0,0
25490,0,0
25516,0,0.0
25553,0,0.0
25930,1,1.0
26053,1,1.0
26166,1,1.0
26281,0,0
26334,1,1.0
26431,1,1.0
27345,1,1.0
28119,0,0.0
28247,0,0
28274,0,0.0
28355,1,1.0
29374,1,1.0
29614,0,0.0
29791,1,1.0
29962,1,1.0
30055,1,1.0
30124,2,2.0
30532,0,0
30556,0,0
30636,3,3.0
30809,3,3.0
30904,3,3.0
31119,3,3.0
31441,0,0.0
31495,0,0
31518,0,0.0
31590,3,3.0
32032,0,0.0
32211,3,3.0
32566,0,0
32635,3,3.0
32751,3,3.0
32952,0,0
32980,0,0.0
33065,3,3.0
33450,3,3.0
33975,3,3.0
34169,3,3.0
34253,3,3.0
34658,0,0
34728,3,3.0
34874,3,3.0
35094,3,3.0
36394,3,3.0
36527,0,0
36597,3,3.0
37538,0,0
37608,3,3.0
37838,0,0.0
37945,3,3.0
38079,3,3.0
39463,3,3.0
39640,0,0
39666,0,0.0
39746,0,0
39822,2,2.0
39924,0,0.0
40148,2,2.0
40241,0,0
40270,0,0.0
40340,1,1.0
40450,0,0.0
40674,0,0.0
40797,1,1.0
41221,0,0
41280,1,1.0
41361,0,0.0
41408,1,1.0
41475,0,0
41522,1,1.0
41768,2,2.0
41848,3,3.0
41925,2,2.0
42189,0,0
42249,3,3.0
42286,0,0
42346,2,2.0
42449,2,2.0
42894,0,0.0
43075,0,0
43134,0,0
43194,0,0
43254,3,3.0
43713,0,0
43771,2,2.0
43893,0,0.0
44064,2,2.0
44218,3,3.0
44439,0,0.0
44556,3,3.0
44830,3,3.0
45116,2,2.0
45284,3,3.0
45401,2,2.0
46315,2,2.0
46464,2,2.0
46778,3,3.0
47021,0,0.0
47152,1,1.0
47270,0,0
47350,1,1.0
47729,0,0.0
48047,1,1.0
49407,1,1.0
50245,0,0.0
51350,0,0.0
51426,1,1.0
51793,1,1.0
52141,1,1.0
52272,1,1.0
53700,1,1.0
55082,0,0
55161,0,0
55240,1,1.0
55440,1,1.0
57917,1,1.0
58042,0,0
58098,0,0.0
58183,0,0.0
58368,1,1.0
58764,0,0
58820,0,0.0
59065,1,1.0
59221,0,0.0
59486,1,1.0
60224,2,2.0
60292,0,0.0
60425,1,1.0
60586,1,1.0
60653,0,0.0
60830,0,0.0
61032,0,0.0
61123,0,0
61213,1,1.0
61368,0,0.0
61465,1,1.0
61843,0,0.0
61952,1,1.0
62332,1,1.0
62575,0,0.0
63090,1,1.0
63254,0,0
63349,1,1.0
63590,1,1.0
64211,1,1.0
64399,1,1.0
64723,0,0.0
64853,1,1.0
64932,0,0
64957,0,0.0
65118,1,1.0
65300,0,0.0
65364,1,1.0
65510,2,2.0
65986,0,0.0
66062,0,0.0
67027,1,1.0
67072,0,0
67119,0,0
67144,0,0.0
67322,1,1.0
67443,1,1.0
67630,2,2.0
68164,0,0.0
68494,1,1.0
68704,0,0
68726,0,0
68749,0,0
68774,0,0.0
68874,1,1.0
69305,3,3.0
69472,3,3.0
70636,0,0.0
70749,0,0
70818,2,2.0
71001,3,3.0
71210,0,0
71320,3,3.0
71529,0,0.0
71667,0,0.0
71851,0,0
71884,0,0.0
72112,0,0
72219,3,3.0
72338,3,3.0
72957,0,0.0
73311,0,0
73418,3,3.0
74209,3,3.0
74462,0,0
74577,3,3.0
74632,0,0.0
75677,2,2.0
75828,0,0
75872,0,0.0
76559,2,2.0
79064,2,2.0
79847,3,3.0
80057,0,0.0
80203,2,2.0
81455,2,2.0
83284,0,0
83433,2,2.0
86147,1,1.0
86254,3,3.0
87507,0,0.0
87772,3,3.0
87913,3,3.0
88155,0,0
88180,0,0.0
88317,1,1.0
88394,0,0.0
88605,0,0
88709,0,0.0
89284,0,0.0
89380,0,0.0
89486,0,0.0
89738,0,0.0
91276,0,0.0
91411,0,0.0
91607,0,0.0
91774,1,1.0
92349,0,0.0
93233,0,0.0
94417,0,0.0
94626,0,0.0
95143,0,0.0
96322,0,0.0
96492,0,0.0
96764,0,0
96806,0,0.0
97065,0,0
97106,0,0.0
97235,0,0.0
97681,0,0
97790,0,0.0
98260,1,1.0
99897,0,0.0
100149,1,1.0
100584,0,0.0
100911,0,0.0
101431,0,0.0
102561,1,1.0
103069,1,1.0
103277,0,0.0
104686,0,0.0
104868,0,0.0
105493,0,0
105574,0,0.0
105741,0,0
105781,0,0
105858,0,0.0
105987,0,0.0
106157,0,0.0
106286,0,0.0
106379,0,0.0
106565,0,0.0
106783,0,0.0
107452,0,0
107494,0,0
107536,0,0.0
107603,0,0.0
108851,1,1.0
109860,1,1.0
110010,0,0.0
110233,1,1.0
110602,0,0.0
110681,0,0
110726,0,0.0
111041,1,1.0
111990,0,0.0
112286,0,0.0
112816,0,0
112890,0,0
112943,0,0.0
113057,0,0.0
113194,1,1.0
113370,0,0.0
113596,1,1.0
113866,1,1.0
114945,0,0
115019,0,0.0
115180,1,1.0
115529,0,0.0
115811,0,0.0
116086,0,0
116134,0,0.0
116510,0,0
116600,0,0
116687,1,1.0
116997,0,0.0
117275,1,1.0
117646,0,0.0
117924,1,1.0
118803,0,0
118863,0,0.0
118951,1,1.0
119061,0,0.0
119143,0,0.0
119753,0,0.0
119964,0,0
119996,0,0.0
120941,0,0.0
121807,0,0.0
121893,1,1.0
121952,0,0.0
122149,0,0.0
123153,0,0.0
123329,0,0.0
123941,0,0.0
124331,0,0.0
124382,1,1.0
124458,0,0
124509,1,1.0
124625,0,0.0
124722,0,0.0
125074,1,1.0
125114,0,0
125166,1,1.0
125247,1,1.0
125800,0,0.0
125978,0,0.0
126094,0,0
126120,0,0.0
126415,0,0.0
126478,1,1.0
127452,0,0.0
127584,0,0.0
127903,0,0.0
127982,0,0
128013,0,0.0
128093,1,1.0
128195,0,0
128241,0,0
128268,0,0.0
128313,1,1.0
128388,1,1.0
128504,0,0.0
128650,1,1.0
129162,0,0.0
129222,0,0.0
129344,1,1.0
129589,1,1.0
129999,0,0
130025,0,0.0
131264,0,0.0
131422,1,1.0
131576,0,0.0
132420,1,1.0
132601,0,0
132643,1,1.0
132708,0,0
132736,0,0.0
132887,1,1.0
132944,0,0.0
132996,0,0
133039,0,0
133076,0,0
133116,0,0.0
133295,0,0.0
133396,0,0
133421,0,0.0
133517,0,0.0
133596,1,1.0
133707,0,0.0
133775,0,0
133817,0,0.0
133886,1,1.0
134052,0,0
134122,1,1.0
134209,1,1.0
134521,0,0.0
134684,1,1.0
134783,1,1.0
134999,0,0
135070,1,1.0
136157,1,1.0
136587,1,1.0
136742,0,0.0
137814,1,1.0
138075,1,1.0
138216,0,0.0
138410,1,1.0
138493,0,0
138557,1,1.0
138884,0,0
138946,0,0.0
140282,1,1.0
140514,1,1.0
140599,1,1.0
141098,0,0.0
141245,0,0
141305,0,0.0
141502,0,0
141554,0,0.0
141754,0,0
141789,0,0.0
141893,0,0
141944,0,0.0
142302,0,0.0
142685,0,0.0
143109,0,0.0
143247,1,1.0
143565,1,1.0
143716,0,0.0
144313,0,0.0
144466,1,1.0
144578,0,0.0
145775,1,1.0
146151,1,1.0
146342,1,1.0
146601,1,1.0
147140,0,0.0
147335,0,0
147392,0,0.0
147593,1,1.0
147668,0,0.0
147751,0,0
147804,0,0.0
147942,1,1.0
148128,2,2.0
148249,0,0.0
148381,2,2.0
148889,0,0.0
148978,0,0
149028,0,0.0
149199,0,0.0
149400,0,0.0
149574,0,0.0
149747,0,0.0
149837,2,2.0
150121,3,3.0
150360,1,1.0
150551,0,0
150669,3,3.0
152474,2,2.0
152613,0,0
152729,3,3.0
152823,0,0.0
152964,3,3.0
153671,0,0
153790,0,0
153900,0,0
154014,3,3.0
154807,3,3.0
155435,0,0.0
156345,2,2.0
156765,0,0
156793,0,0.0
157002,1,1.0
157351,0,0.0
157575,1,1.0
157871,0,0.0
158084,0,0.0
158905,1,1.0
159507,2,2.0
159669,2,2.0
159854,2,2.0
160060,2,2.0
161176,0,0
161260,1,1.0
161389,1,1.0
161674,1,1.0
161861,2,2.0
163152,1,1.0
163373,0,0
163424,0,0.0
165117,1,1.0
167356,2,2.0
167860,0,0.0
168143,2,2.0
168654,0,0
168697,0,0.0
168883,0,0.0
169340,2,2.0
170759,1,1.0
172318,0,0.0
172483,2,2.0
173049,0,0.0
173278,0,0
173374,2,2.0
173747,2,2.0
174037,0,0.0
175251,0,0
175347,2,2.0
175766,2,2.0
177114,2,2.0
177612,0,0.0
177754,0,0
177851,2,2.0
178341,0,0
178437,0,0
178485,0,0.0
178626,0,0.0
178807,1,1.0
178939,0,0.0
179212,0,0.0
179338,0,0.0
179439,1,1.0
179683,0,0.0
179766,0,0.0
179967,0,0.0
180180,1,1.0
180832,1,1.0
181528,0,0.0
181836,0,0.0
182022,0,0.0
182187,1,1.0
182409,0,0.0
184181,1,1.0
185276,0,0.0
185383,0,0
185442,0,0.0
185606,0,0.0
185764,0,0.0
185831,0,0.0
186099,0,0.0
186254,3,3.0
186484,0,0.0
186893,0,0.0
187237,0,0
187286,0,0.0
187391,0,0.0
188369,0,0
188416,0,0.0
188577,3,3.0
188691,0,0.0
189070,3,3.0
189737,0,0.0
189871,0,0.0
190342,0,0.0
190621,0,0
190668,0,0.0
190957,3,3.0
191145,0,0
191203,0,0
191249,0,0.0
191323,1,1.0
191435,1,1.0
192294,1,1.0
192743,1,1.0
193237,1,1.0
193292,0,0.0
193406,0,0
193446,0,0
193518,1,1.0
193745,3,3.0
194005,0,0
194045,0,0.0
194171,0,0.0
194383,1,1.0
194550,3,3.0
194609,0,0.0
194872,3,3.0
196010,3,3.0
197246,1,1.0
197352,0,0
197434,1,1.0
197681,1,1.0
198123,2,2.0
198311,2,2.0
198442,0,0
198485,0,0.0
198696,2,2.0
199176,0,0
199264,2,2.0
200841,0,0.0
201050,2,2.0
201236,3,3.0
201880,0,0
201958,3,3.0
202120,3,3.0
202209,0,0.0
202342,2,2.0
202515,3,3.0
202834,3,3.0
202979,3,3.0
203062,3,3.0
203635,0,0
203705,3,3.0
203896,0,0
203968,3,3.0
204487,3,3.0
205037,3,3.0
205584,3,3.0
205966,0,0
206037,3,3.0
206216,3,3.0
207203,0,0
207274,3,3.0
207458,3,3.0
208120,0,0.0
208192,3,3.0
208623,0,0.0
209538,3,3.0
210749,3,3.0
211039,0,0
211111,0,0
211139,0,0.0
211329,3,3.0
211424,0,0
211450,0,0
211523,3,3.0
211694,3,3.0
212044,3,3.0
212853,0,0.0
212951,0,0.0
213049,3,3.0
213365,0,0
213438,3,3.0
213760,3,3.0
214147,0,0.0
214207,2,2.0
214619,3,3.0
214862,0,0
214928,3,3.0
215062,3,3.0
215153,3,3.0
215403,3,3.0
215836,3,3.0
215900,0,0.0
216014,3,3.0
216194,0,0.0
216245,1,1.0
216313,0,0
216381,3,3.0
216690,3,3.0
216980,3,3.0
217148,0,0
217216,0,0
217285,0,0
217353,3,3.0
218484,3,3.0
218806,0,0
218874,3,3.0
219134,0,0.0
219328,3,3.0
219805,3,3.0
220009,3,3.0
220443,0,0.0
220495,0,0
220546,2,2.0
221669,2,2.0
221823,2,2.0
221993,2,2.0
222341,2,2.0
222474,2,2.0
222704,2,2.0
222803,2,2.0
223050,3,3.0
223191,3,3.0
224049,3,3.0
224141,0,0
224195,3,3.0
224327,3,3.0
224676,3,3.0
225201,3,3.0
225402,3,3.0
225473,3,3.0
226058,3,3.0
226387,3,3.0
226519,3,3.0
226840,3,3.0
227481,0,0
227535,3,3.0
228056,3,3.0
228790,0,0
228844,0,0
228898,3,3.0
229039,3,3.0
229642,0,0
229696,0,0
229750,3,3.0
229902,3,3.0
230436,3,3.0
230872,3,3.0
231113,3,3.0
232426,0,0
232481,3,3.0
233605,3,3.0
233708,3,3.0
233928,3,3.0
234004,3,3.0
234348,3,3.0
234438,3,3.0
234730,0,0
234784,0,0
234839,3,3.0
234928,3,3.0
235150,2,2.0
235264,3,3.0
235543,3,3.0
236436,0,0
236490,3,3.0
236648,3,3.0
236998,3,3.0
237315,3,3.0
237473,3,3.0
240589,0,0
240646,3,3.0
240760,0,0
240818,2,2.0
241107,3,3.0
241289,3,3.0
241521,3,3.0
241678,0,0
241736,0,0
241791,3,3.0
242027,3,3.0
242227,0,0
242285,3,3.0
243748,3,3.0
243900,3,3.0
244082,3,3.0
244465,0,0
244523,3,3.0
244702,3,3.0
244836,3,3.0
244973,3,3.0
245392,3,3.0
245580,3,3.0
245706,3,3.0
245808,3,3.0
245917,3,3.0
246343,3,3.0
247316,0,0
247371,3,3.0
247738,0,0
247793,0,0
247847,0,0
247901,3,3.0
248019,3,3.0
248104,3,3.0
248465,3,3.0
248766,3,3.0
249130,3,3.0
249293,3,3.0
249400,3,3.0
250084,3,3.0
250896,3,3.0
251908,3,3.0
252571,3,3.0
252767,3,3.0
252936,3,3.0
253239,3,3.0
253740,3,3.0
253894,3,3.0
254365,3,3.0
254696,0,0
254750,3,3.0
254922,3,3.0
255067,3,3.0
255164,3,3.0
255331,0,0
255385,0,0
255440,3,3.0
255552,0,0
255607,3,3.0
255757,3,3.0
256164,3,3.0
256370,3,3.0
256566,3,3.0
256823,3,3.0
257269,0,0
257323,3,3.0
257690,0,0
257746,3,3.0
258040,3,3.0
258257,3,3.0
258886,3,3.0
259005,3,3.0
259448,3,3.0
259671,3,3.0
260732,3,3.0
260826,3,3.0
261068,3,3.0
261162,3,3.0
261294,3,3.0
261611,3,3.0
262682,3,3.0
262848,0,0
262902,3,3.0
263386,3,3.0
263692,3,3.0
264045,3,3.0
264263,3,3.0
264464,3,3.0
264559,3,3.0
264683,3,3.0
264934,0,0
264989,3,3.0
266934,0,0
266989,0,0
267043,3,3.0
267309,3,3.0
268413,3,3.0
268834,3,3.0
269295,3,3.0
269917,3,3.0
270041,3,3.0
271098,0,0
271152,3,3.0
271409,3,3.0
272432,3,3.0
274707,3,3.0
274991,3,3.0
276012,3,3.0
276122,3,3.0
276286,3,3.0
276371,3,3.0
276888,3,3.0
277052,3,3.0
277214,3,3.0
277320,3,3.0
277971,3,3.0
278323,3,3.0
278506,3,3.0
278994,3,3.0
279297,3,3.0
281182,3,3.0
281360,0,0
281418,2,2.0
281496,0,0
281549,2,2.0
281651,2,2.0
282571,2,2.0
282856,2,2.0
283115,3,3.0
283227,3,3.0
283378,3,3.0
283706,3,3.0
283854,3,3.0
284128,3,3.0
284554,3,3.0
284836,0,0
284893,3,3.0
285048,3,3.0
285159,3,3.0
285501,3,3.0
285616,3,3.0
286073,3,3.0
286300,0,0
286356,0,0
286412,0,0
286470,3,3.0
287544,3,3.0
287968,0,0
288024,0,0
288081,3,3.0
288505,0,0
288561,3,3.0
288977,3,3.0
289099,3,3.0
289266,3,3.0
289462,3,3.0
291704,3,3.0
292034,3,3.0
292164,3,3.0
293251,3,3.0
293461,3,3.0
293838,3,3.0
294021,3,3.0
294142,3,3.0
294214,3,3.0
295283,3,3.0
296391,0,0
296447,3,3.0
296872,3,3.0
296982,3,3.0
297268,0,0
297326,3,3.0
297731,0,0
297789,0,0
297845,0,0
297901,3,3.0
298022,3,3.0
298292,3,3.0
299217,0,0
299274,3,3.0
300310,3,3.0
300450,0,0
300506,3,3.0
300653,3,3.0
300850,3,3.0
300985,3,3.0
302111,3,3.0
302337,3,3.0
302795,0,0
302851,0,0
302907,0,0
302964,0,0
303020,3,3.0
303636,3,3.0
303779,3,3.0
303973,3,3.0
305793,3,3.0
306380,3,3.0
306693,3,3.0
306912,3,3.0
307691,0,0
307747,3,3.0
308050,3,3.0
308666,3,3.0
309138,3,3.0
310425,3,3.0
310803,3,3.0
311171,3,3.0
311656,3,3.0
312565,3,3.0
312961,3,3.0
314411,0,0
314468,3,3.0
314936,3,3.0
315366,3,3.0
317168,3,3.0
317328,3,3.0
317497,0,0
317553,3,3.0
317868,3,3.0
318887,3,3.0
319501,3,3.0
320940,0,0
320996,3,3.0
321390,3,3.0
321650,3,3.0
321820,0,0
321878,3,3.0
322214,0,0
322270,3,3.0
322362,3,3.0
322512,3,3.0
322723,3,3.0
322862,3,3.0
323032,3,3.0
324258,3,3.0
325324,3,3.0
325563,3,3.0
325802,3,3.0
325941,3,3.0
326930,3,3.0
327108,3,3.0
327383,3,3.0
327695,3,3.0
327953,0,0
328010,3,3.0
328349,3,3.0
328919,3,3.0
329620,3,3.0
329746,0,0
329803,0,0
329859,3,3.0
330148,3,3.0
330797,3,3.0
331272,3,3.0
331346,3,3.0
332022,3,3.0
332335,3,3.0
332498,0,0
332554,0,0
332610,0,0
332667,3,3.0
332793,0,0
332849,0,0
332906,0,0
332963,3,3.0
333345,3,3.0
333445,0,0
333501,3,3.0
333618,0,0
333675,3,3.0
334089,3,3.0
334362,3,3.0
334474,0,0
334531,3,3.0
334644,0,0
334700,3,3.0
334870,3,3.0
335126,0,0
335183,3,3.0
335650,3,3.0
336546,3,3.0
336755,3,3.0
337099,3,3.0
337287,0,0
337343,3,3.0
337525,3,3.0
337705,3,3.0
337927,3,3.0
338103,3,3.0
338318,3,3.0
338422,3,3.0
338833,3,3.0
339168,3,3.0
339298,0,0
339356,3,3.0
339974,3,3.0
340264,3,3.0
341228,3,3.0
341332,0,0
341389,3,3.0
342925,0,0
342981,3,3.0
344023,3,3.0
344457,0,0
344513,3,3.0
346377,3,3.0
346701,3,3.0
346879,3,3.0
347113,3,3.0
347382,0,0
347438,3,3.0
347566,3,3.0
349237,3,3.0
349366,3,3.0
350796,3,3.0
350910,3,3.0
351618,0,0
351674,3,3.0
351805,3,3.0
352119,3,3.0
352296,3,3.0
352555,3,3.0
352867,0,0
352923,3,3.0
353037,3,3.0
353300,3,3.0
354212,3,3.0
354380,3,3.0
354492,0,0
354548,3,3.0
354732,0,0
354788,3,3.0
354958,3,3.0
355029,3,3.0
355200,3,3.0
356639,3,3.0
356970,3,3.0
357093,3,3.0
357166,3,3.0
357404,0,0
357460,3,3.0
357643,3,3.0
358026,0,0
358082,3,3.0
358540,3,3.0
358844,3,3.0
359089,3,3.0
359712,0,0
359770,3,3.0
359839,3,3.0
360828,0,0
360884,3,3.0
361053,3,3.0
361258,3,3.0
361480,3,3.0
361857,3,3.0
362183,3,3.0
362464,3,3.0
362661,3,3.0
362898,3,3.0
362973,0,0
363029,3,3.0
363172,3,3.0
363246,3,3.0
363416,3,3.0
363558,3,3.0
363819,3,3.0
364162,3,3.0
364396,3,3.0
365524,3,3.0
365631,3,3.0
366008,0,0
366066,3,3.0
366224,3,3.0
366726,3,3.0
367247,3,3.0
368066,3,3.0
368406,3,3.0
368759,0,0
368815,3,3.0
368916,3,3.0
369991,3,3.0
370288,0,0
370344,3,3.0
370989,0,0
371045,3,3.0
371161,3,3.0
371332,3,3.0
371414,3,3.0
371780,3,3.0
372092,3,3.0
372227,3,3.0
372340,0,0
372397,3,3.0
372533,3,3.0
372810,3,3.0
373803,3,3.0
374133,3,3.0
374316,3,3.0
374635,3,3.0
375365,3,3.0
375726,3,3.0
375872,3,3.0
376128,0,0
376185,3,3.0
376554,0,0
376611,3,3.0
376742,3,3.0
376867,3,3.0
377121,3,3.0
377237,3,3.0
377402,0,0
377459,3,3.0
377579,3,3.0
377836,3,3.0
378038,3,3.0
378382,3,3.0
378452,0,0
378508,3,3.0
378620,3,3.0
378703,0,0
378759,3,3.0
378989,3,3.0
379249,3,3.0
381043,3,3.0
381481,3,3.0
381594,3,3.0
381879,3,3.0
382202,3,3.0
382344,3,3.0
382676,3,3.0
382750,3,3.0
382854,0,0
382910,3,3.0
383043,3,3.0
383113,3,3.0
383316,3,3.0
383675,3,3.0
383955,3,3.0
384103,3,3.0
384250,3,3.0
385162,3,3.0
385437,3,3.0
385581,3,3.0
386028,3,3.0
386378,3,3.0
386764,3,3.0
387570,3,3.0
387774,3,3.0
389288,0,0
389344,3,3.0
389556,3,3.0
389752,3,3.0
389888,0,0
389945,3,3.0
390171,3,3.0
390423,3,3.0
390514,3,3.0
390819,3,3.0
391359,3,3.0
392795,3,3.0
393149,3,3.0
393305,3,3.0
393396,3,3.0
393542,3,3.0
393724,3,3.0
393924,3,3.0
394406,3,3.0
394573,3,3.0
394680,3,3.0
394904,3,3.0
395057,3,3.0
395354,0,0
395410,3,3.0
395672,3,3.0
395838,3,3.0
396001,3,3.0
396372,3,3.0
397403,3,3.0
397834,3,3.0
398211,3,3.0
399123,3,3.0
399295,3,3.0
399607,0,0
399663,3,3.0
399789,3,3.0
400020,3,3.0
400406,3,3.0
400555,3,3.0
400669,3,3.0
400788,3,3.0
400884,3,3.0
401402,3,3.0
401578,0,0
401634,3,3.0
401762,0,0
401818,3,3.0
402360,3,3.0
402569,3,3.0
402716,3,3.0
402849,0,0
402905,3,3.0
403212,3,3.0
403869,0,0
403926,0,0
403983,3,3.0
404060,3,3.0
404791,3,3.0
405048,3,3.0
405115,3,3.0
405367,3,3.0
405661,3,3.0
406434,3,3.0
406519,3,3.0
406597,3,3.0
407005,0,0
407061,3,3.0
407199,3,3.0
407390,3,3.0
407808,3,3.0
407947,3,3.0
408064,3,3.0
409040,3,3.0
409332,0,0
409388,3,3.0
409457,0,0
409513,3,3.0
409620,3,3.0
409736,3,3.0
409995,3,3.0
410172,3,3.0
410355,3,3.0
410518,0,0
410575,3,3.0
411013,3,3.0
413217,3,3.0
413499,3,3.0
414538,3,3.0
414766,3,3.0
416660,3,3.0
417359,3,3.0
417587,0,0
417643,0,0
417699,3,3.0
417806,3,3.0
417990,0,0
418046,3,3.0
418607,3,3.0
420737,3,3.0
420981,3,3.0
421146,3,3.0
421805,0,0
421862,3,3.0
422022,3,3.0
422113,3,3.0
422290,0,0
422346,3,3.0
422521,3,3.0
422781,0,0
422837,3,3.0
423377,3,3.0
423824,3,3.0
423892,3,3.0
424000,3,3.0
424324,3,3.0
424773,3,3.0
424924,3,3.0
425337,3,3.0
425446,3,3.0
425548,3,3.0
425644,3,3.0
426032,0,0
426088,3,3.0
426253,3,3.0
427068,3,3.0
427223,3,3.0
427325,3,3.0
427705,3,3.0
427876,3,3.0
427991,3,3.0
428391,3,3.0
429588,3,3.0
429785,3,3.0
430200,3,3.0
430308,3,3.0
430751,3,3.0
431662,3,3.0
431996,0,0
432053,3,3.0
433086,3,3.0
433247,3,3.0
433872,3,3.0
434002,3,3.0
434116,3,3.0
434459,0,0
434517,0,0
434573,3,3.0
434641,3,3.0
434751,3,3.0
434853,3,3.0
435511,3,3.0
436232,3,3.0
436395,3,3.0
436983,3,3.0
437369,0,0
437425,3,3.0
437529,0,0
437585,3,3.0
437851,3,3.0
438295,3,3.0
438421,3,3.0
438573,3,3.0
439083,3,3.0
439183,3,3.0
439297,3,3.0
439475,3,3.0
439613,3,3.0
440918,3,3.0
441324,3,3.0
443026,3,3.0
443310,3,3.0
443420,0,0
443476,3,3.0
443878,0,0
443935,3,3.0
444173,3,3.0
444363,3,3.0
444757,3,3.0
444983,3,3.0
445238,3,3.0
445375,3,3.0
446319,0,0
446376,0,0
446432,0,0
446488,3,3.0
446555,3,3.0
446650,0,0
446706,0,0
446763,3,3.0
447177,3,3.0
447423,3,3.0
448078,3,3.0
448437,3,3.0
448568,3,3.0
448639,3,3.0
449875,3,3.0
451010,3,3.0
451456,3,3.0
452716,3,3.0
453680,3,3.0
453887,3,3.0
453957,3,3.0
454069,3,3.0
454661,0,0
454717,0,0
454773,3,3.0
454998,3,3.0
455108,3,3.0
456288,3,3.0
456532,3,3.0
457720,3,3.0
458706,3,3.0
458908,3,3.0
459352,3,3.0
459855,3,3.0
460013,3,3.0
460514,3,3.0
460679,3,3.0
460978,3,3.0
461592,3,3.0
461974,0,0
462031,3,3.0
462174,3,3.0
462414,3,3.0
462494,3,3.0
462563,3,3.0
462711,3,3.0
462827,3,3.0
464129,3,3.0
464242,3,3.0
464381,0,0
464439,3,3.0
464595,3,3.0
464713,3,3.0
464861,3,3.0
465177,0,0
465233,3,3.0
465518,3,3.0
466326,3,3.0
466549,3,3.0
466960,3,3.0
467664,3,3.0
467818,3,3.0
468263,3,3.0
469122,3,3.0
469587,3,3.0
469694,3,3.0
469863,3,3.0
470061,3,3.0
470254,3,3.0
470518,3,3.0
470729,0,0
470785,3,3.0
470903,3,3.0
471081,3,3.0
471194,3,3.0
471382,3,3.0
471580,3,3.0
471854,3,3.0
472011,3,3.0
472187,3,3.0
473045,3,3.0
473167,3,3.0
473270,0,0
473326,3,3.0
473715,3,3.0
473916,0,0
473973,0,0
474030,3,3.0
474200,3,3.0
474363,3,3.0
474476,3,3.0
474731,3,3.0
474832,0,0
474888,3,3.0
475528,3,3.0
475843,3,3.0
476489,3,3.0
476634,3,3.0
476876,3,3.0
478788,3,3.0
479064,3,3.0
479675,3,3.0
479878,3,3.0
479979,3,3.0
480151,3,3.0
480286,3,3.0
480669,3,3.0
480974,0,0
481031,3,3.0
481239,3,3.0
481782,3,3.0
481953,0,0
482009,3,3.0
482426,3,3.0
483658,3,3.0
483869,0,0
483925,3,3.0
484244,3,3.0
484607,3,3.0
484967,3,3.0
485268,3,3.0
485841,3,3.0
486112,3,3.0
486262,3,3.0
486405,0,0
486461,0,0
486517,3,3.0
486794,3,3.0
487100,0,0
487156,3,3.0
487255,3,3.0
488441,0,0
488497,3,3.0
489164,3,3.0
489245,3,3.0
489663,3,3.0
490663,3,3.0
490753,0,0
490809,0,0
490865,3,3.0
492009,3,3.0
492267,3,3.0
492415,3,3.0
492624,3,3.0
492780,3,3.0
493202,3,3.0
493466,3,3.0
494109,3,3.0
494790,3,3.0
495110,3,3.0
495705,3,3.0
497100,3,3.0
497401,0,0
497458,3,3.0
497613,0,0
497671,3,3.0
497951,3,3.0
498822,3,3.0
499627,3,3.0
499981,3,3.0
500327,3,3.0
500421,3,3.0
500576,0,0
500635,0,0
500692,3,3.0
500892,3,3.0
501320,3,3.0
501518,3,3.0
501865,3,3.0
502875,3,3.0
502989,0,0
503045,3,3.0
503761,3,3.0
505326,3,3.0
505444,3,3.0
505611,3,3.0
505813,3,3.0
506054,3,3.0
506320,3,3.0
506690,3,3.0
506844,3,3.0
507146,3,3.0
507482,3,3.0
507595,3,3.0
508584,3,3.0
508844,3,3.0
509011,3,3.0
509340,3,3.0
509430,3,3.0
509826,3,3.0
510363,0,0
510420,0,0
510477,3,3.0
510929,3,3.0
511272,0,0
511329,3,3.0
511461,3,3.0
511698,0,0
511754,3,3.0
512299,3,3.0
512518,0,0
512575,3,3.0
513497,3,3.0
513745,3,3.0
514007,3,3.0
514134,3,3.0
515395,3,3.0
515729,3,3.0
515893,3,3.0
516007,3,3.0
516252,3,3.0
516404,3,3.0
516717,3,3.0
516788,0,0
516844,3,3.0
517019,3,3.0
517134,3,3.0
517300,0,0
517356,3,3.0
517455,3,3.0
517529,3,3.0
517605,0,0
517662,0,0
517721,0,0
517777,3,3.0
518113,0,0
518169,3,3.0
518271,3,3.0
518510,3,3.0
518625,3,3.0
518736,0,0
518792,3,3.0
519173,3,3.0
520134,0,0
520191,3,3.0
520333,0,0
520389,3,3.0
520500,3,3.0
520603,3,3.0
520715,3,3.0
520890,0,0
520946,3,3.0
521088,3,3.0
521201,3,3.0
521313,3,3.0
521409,0,0
521466,0,0
521522,0,0
521578,3,3.0
521693,3,3.0
521809,0,0
521866,3,3.0
521992,3,3.0
522062,3,3.0
522391,3,3.0
524426,3,3.0
524669,3,3.0
524864,3,3.0
525019,3,3.0
525133,3,3.0
525246,3,3.0
525413,3,3.0
525635,3,3.0
525721,0,0
525777,3,3.0
526295,3,3.0
527785,3,3.0
529036,3,3.0
529165,3,3.0
529312,3,3.0
529490,3,3.0
529605,3,3.0
529716,3,3.0
529923,3,3.0
530000,3,3.0
530228,0,0
530285,3,3.0
530590,3,3.0
530812,3,3.0
531499,3,3.0
531788,3,3.0
532011,3,3.0
532709,3,3.0
532820,0,0
532878,3,3.0
534030,3,3.0
534164,3,3.0
535099,3,3.0
535471,3,3.0
535618,3,3.0
535831,3,3.0
536020,3,3.0
536473,3,3.0
536565,0,0
536621,0,0
536678,3,3.0
536889,3,3.0
536984,3,3.0
537161,3,3.0
537391,3,3.0
537601,3,3.0
537895,3,3.0
537982,3,3.0
538068,0,0
538124,3,3.0
538295,3,3.0
538719,0,0
538775,3,3.0
538940,3,3.0
540271,3,3.0
540438,3,3.0
540952,3,3.0
541462,0,0
541518,3,3.0
542006,3,3.0
542158,3,3.0
542267,3,3.0
543745,0,0
543801,3,3.0
543909,3,3.0
545208,3,3.0
547516,0,0
547572,3,3.0
547750,3,3.0
548035,0,0
548091,3,3.0
548184,3,3.0
548372,3,3.0
548477,3,3.0
548702,0,0
548759,3,3.0
549290,3,3.0
549642,0,0
549698,3,3.0
549943,3,3.0
550068,0,0
550124,3,3.0
550473,3,3.0
550541,3,3.0
550700,3,3.0
551103,3,3.0
551625,3,3.0
551880,3,3.0
552583,3,3.0
552759,3,3.0
553569,3,3.0
553972,0,0
554030,0,0
554086,3,3.0
555243,3,3.0
555398,3,3.0
557016,3,3.0
557581,3,3.0
558312,3,3.0
558564,3,3.0
560147,3,3.0
560574,3,3.0
560726,0,0
560782,3,3.0
561090,3,3.0
561204,3,3.0
561676,3,3.0
561791,3,3.0
562103,3,3.0
562530,3,3.0
562620,3,3.0
562824,0,0
562880,3,3.0
562993,3,3.0
563550,3,3.0
563645,0,0
563703,3,3.0
563910,3,3.0
564208,3,3.0
564378,3,3.0
564487,3,3.0
564860,0,0
564916,3,3.0
565407,3,3.0
565593,3,3.0
566033,3,3.0
566893,3,3.0
567208,3,3.0
567277,3,3.0
567412,0,0
567469,3,3.0
567813,3,3.0
568284,3,3.0
568699,3,3.0
569137,3,3.0
569223,3,3.0
569560,3,3.0
569997,3,3.0
570244,3,3.0
570390,0,0
570446,3,3.0
570587,3,3.0
571937,0,0
571994,3,3.0
572255,3,3.0
573720,0,0
573777,0,0
573833,3,3.0
574042,3,3.0
574155,3,3.0
574696,3,3.0
575370,0,0
575426,3,3.0
575736,3,3.0
575824,3,3.0
576208,0,0
576264,3,3.0
576721,3,3.0
577460,0,0
577519,3,3.0
578007,3,3.0
578089,3,3.0
578324,0,0
578380,0,0
578437,3,3.0
578920,3,3.0
579296,0,0
579352,3,3.0
579869,3,3.0
580235,3,3.0
580391,3,3.0
580569,3,3.0
580991,3,3.0
581096,3,3.0
581672,0,0
581728,3,3.0
581927,3,3.0
582037,3,3.0
582244,3,3.0
582637,3,3.0
582797,0,0
582853,3,3.0
583105,3,3.0
583559,0,0
583615,3,3.0
583730,3,3.0
583981,3,3.0
584458,3,3.0
584604,0,0
584660,0,0
584716,0,0
584774,3,3.0
584946,3,3.0
585943,3,3.0
586156,3,3.0
586268,3,3.0
586359,3,3.0
586968,0,0
587025,3,3.0
587205,3,3.0
587326,3,3.0
588418,3,3.0
588615,3,3.0
589137,3,3.0
589442,0,0
589498,3,3.0
589633,3,3.0
589974,3,3.0
590371,3,3.0
590793,3,3.0
590862,3,3.0
591108,3,3.0
592272,3,3.0
593333,3,3.0
593606,3,3.0
593764,3,3.0
594414,3,3.0
594578,3,3.0
594665,0,0
594721,3,3.0
595069,3,3.0
595249,3,3.0
595486,3,3.0
595717,3,3.0
596158,3,3.0
596669,3,3.0
597936,3,3.0
598421,3,3.0
598978,3,3.0
599312,3,3.0
600062,0,0
600118,0,0
600174,0,0
600231,3,3.0
600626,3,3.0
600927,3,3.0
601160,3,3.0
601274,3,3.0
602939,3,3.0
603130,3,3.0
603243,3,3.0
603352,3,3.0
603526,3,3.0
603656,0,0
603712,3,3.0
603943,0,0
603999,3,3.0
604112,3,3.0
604443,3,3.0
604691,3,3.0
604981,3,3.0
605106,3,3.0
605303,3,3.0
605411,3,3.0
605814,0,0
605870,3,3.0
606212,3,3.0
606325,3,3.0
608105,3,3.0
608480,3,3.0
608839,0,0
608895,0,0
608951,3,3.0
609422,3,3.0
609969,3,3.0
610099,3,3.0
610981,3,3.0
612263,3,3.0
612362,3,3.0
612477,3,3.0
612953,0,0
613009,3,3.0
613086,3,3.0
613236,0,0
613293,0,0
613349,0,0
613405,3,3.0
613518,3,3.0
613987,3,3.0
614229,0,0
614285,3,3.0
614398,3,3.0
614633,3,3.0
614813,3,3.0
615906,3,3.0
616254,3,3.0
616362,3,3.0
616474,3,3.0
616588,3,3.0
616725,3,3.0
617843,0,0
617900,3,3.0
618059,0,0
618115,3,3.0
618259,0,0
618316,0,0
618372,3,3.0
618628,0,0
618685,3,3.0
619273,3,3.0
619532,3,3.0
621158,3,3.0
621283,3,3.0
621445,3,3.0
621607,3,3.0
621764,3,3.0
621980,3,3.0
622101,3,3.0
622177,3,3.0
622445,3,3.0
622731,0,0
622787,3,3.0
622994,3,3.0
623434,3,3.0
623911,3,3.0
624339,0,0
624398,0,0
624455,0,0
624512,3,3.0
624705,3,3.0
625557,3,3.0
625766,3,3.0
625837,3,3.0
625971,3,3.0
626175,0,0
626234,3,3.0
626482,3,3.0
626755,3,3.0
626836,3,3.0
627435,3,3.0
628708,3,3.0
628777,3,3.0
628894,3,3.0
629003,3,3.0
629167,3,3.0
629238,3,3.0
629476,3,3.0
629820,3,3.0
630001,3,3.0
630371,0,0
630427,3,3.0
630921,3,3.0
631086,3,3.0
631235,3,3.0
631480,3,3.0
632296,0,0
632352,3,3.0
632649,3,3.0
632770,0,0
632826,3,3.0
632924,3,3.0
633026,0,0
633082,3,3.0
633199,3,3.0
633563,3,3.0
635258,3,3.0
635418,3,3.0
635589,3,3.0
636447,3,3.0
637074,3,3.0
637158,3,3.0
637310,0,0
637366,0,0
637422,3,3.0
637760,3,3.0
637861,3,3.0
638151,3,3.0
638309,3,3.0
638410,3,3.0
638502,0,0
638558,3,3.0
638687,3,3.0
639065,3,3.0
639180,0,0
639236,3,3.0
639744,3,3.0
641741,0,0
641798,3,3.0
641908,3,3.0
642489,3,3.0
644505,3,3.0
644655,3,3.0
645849,3,3.0
646056,0,0
646113,3,3.0
646223,3,3.0
646558,3,3.0
646711,0,0
646767,3,3.0
646890,3,3.0
648506,3,3.0
648715,0,0
648772,3,3.0
649005,3,3.0
649170,0,0
649226,0,0
649282,3,3.0
649493,3,3.0
649804,3,3.0
649974,3,3.0
650338,3,3.0
650472,3,3.0
651217,3,3.0
651339,3,3.0
651593,3,3.0
652106,3,3.0
652317,3,3.0
652431,3,3.0
653031,0,0
653087,3,3.0
653749,3,3.0
654040,3,3.0
654256,0,0
654312,3,3.0
654568,3,3.0
654891,3,3.0
656177,0,0
656234,3,3.0
658727,3,3.0
658851,3,3.0
658922,3,3.0
659165,3,3.0
659737,0,0
659793,3,3.0
660199,0,0
660255,3,3.0
660366,3,3.0
660826,3,3.0
661202,0,0
661258,0,0
661314,0,0
661371,0,0
661427,0,0
661483,3,3.0
661689,3,3.0
661839,0,0
661895,3,3.0
662209,0,0
662265,3,3.0
663156,3,3.0
663374,3,3.0
663529,3,3.0
663683,3,3.0
664064,3,3.0
664614,3,3.0
664831,3,3.0
665122,3,3.0
665895,3,3.0
666556,3,3.0
666899,3,3.0
667086,3,3.0
667160,3,3.0
667410,3,3.0
667748,3,3.0
667865,3,3.0
668258,3,3.0
668374,3,3.0
668814,3,3.0
669285,3,3.0
669392,0,0
669449,3,3.0
669681,3,3.0
669960,3,3.0
670201,3,3.0
670308,3,3.0
670956,3,3.0
671321,0,0
671377,3,3.0
671533,3,3.0
671646,0,0
671702,3,3.0
671929,0,0
671985,3,3.0
672942,0,0
672999,3,3.0
673278,3,3.0
673413,3,3.0
673599,3,3.0
673877,3,3.0
673977,3,3.0
677040,0,0
677097,0,0
677153,3,3.0
678332,3,3.0
678780,3,3.0
678869,3,3.0
679274,3,3.0
679722,3,3.0
679804,3,3.0
680008,3,3.0
680220,3,3.0
680383,3,3.0
681062,3,3.0
681319,3,3.0
681739,0,0
681795,3,3.0
681868,3,3.0
681979,3,3.0
682161,3,3.0
682814,0,0
682871,3,3.0
683831,3,3.0
684095,3,3.0
685215,3,3.0
685721,0,0
685777,0,0
685833,3,3.0
686056,3,3.0
686213,3,3.0
686282,0,0
686338,0,0
686394,0,0
686450,3,3.0
686734,3,3.0
686857,3,3.0
687378,3,3.0
687653,3,3.0
687803,3,3.0
688006,3,3.0
688295,3,3.0
689468,3,3.0
689850,3,3.0
690332,3,3.0
691519,3,3.0
691675,3,3.0
691798,3,3.0
692860,3,3.0
694352,3,3.0
694845,3,3.0
695188,3,3.0
695603,3,3.0
696212,3,3.0
696324,3,3.0
696491,3,3.0
696908,3,3.0
697043,3,3.0
697294,3,3.0
698570,3,3.0
698686,3,3.0
698797,3,3.0
700047,3,3.0
700387,3,3.0
700502,3,3.0
700812,3,3.0
701103,0,0
701159,3,3.0
701974,3,3.0
702109,3,3.0
702688,3,3.0
702872,0,0
702928,3,3.0
703233,3,3.0
703483,3,3.0
703622,0,0
703678,3,3.0
704070,3,3.0
704344,3,3.0
704412,3,3.0
704712,0,0
704770,3,3.0
705024,0,0
705082,3,3.0
705151,3,3.0
705256,3,3.0
705369,3,3.0
706505,3,3.0
706618,3,3.0
707121,3,3.0
707635,3,3.0
707853,3,3.0
708021,0,0
708077,3,3.0
708245,0,0
708301,3,3.0
708369,3,3.0
708873,3,3.0
709357,3,3.0
709875,3,3.0
710449,3,3.0
710528,3,3.0
711730,3,3.0
712255,3,3.0
712900,3,3.0
713070,0,0
713126,3,3.0
713459,3,3.0
714542,3,3.0
714765,3,3.0
714927,3,3.0
715255,3,3.0
715634,0,0
715691,3,3.0
715784,3,3.0
716395,3,3.0
716571,3,3.0
716729,3,3.0
716801,3,3.0
716967,0,0
717023,3,3.0
717234,3,3.0
717501,3,3.0
717796,3,3.0
718057,0,0
718113,3,3.0
718250,3,3.0
718470,0,0
718526,3,3.0
718913,3,3.0
719344,0,0
719400,0,0
719456,3,3.0
719562,3,3.0
719888,3,3.0
720001,3,3.0
721104,3,3.0
721434,3,3.0
722128,0,0
722184,3,3.0
722454,0,0
722510,3,3.0
722877,3,3.0
722946,3,3.0
723102,3,3.0
723732,0,0
723790,3,3.0
724017,3,3.0
724285,3,3.0
724550,3,3.0
724716,3,3.0
725575,3,3.0
725667,3,3.0
726087,3,3.0
726169,0,0
726225,3,3.0
726340,3,3.0
726453,3,3.0
727530,3,3.0
727717,3,3.0
728115,3,3.0
728551,3,3.0
728820,3,3.0
729185,3,3.0
729611,3,3.0
729741,3,3.0
730016,3,3.0
730680,0,0
730736,3,3.0
730872,3,3.0
731107,3,3.0
731675,3,3.0
731916,3,3.0
732320,3,3.0
732523,3,3.0
732894,0,0
732950,3,3.0
733137,3,3.0
734159,3,3.0
734296,3,3.0
735250,3,3.0
735797,3,3.0
736491,3,3.0
736754,3,3.0
737299,3,3.0
737723,3,3.0
738092,0,0
738148,3,3.0
738478,0,0
738534,3,3.0
738613,3,3.0
738872,3,3.0
739004,3,3.0
739230,3,3.0
739592,3,3.0
739967,3,3.0
740195,3,3.0
740367,3,3.0
740478,3,3.0
741521,3,3.0
741746,3,3.0
741896,3,3.0
742155,3,3.0
742253,3,3.0
742573,3,3.0
742909,3,3.0
743054,3,3.0
743195,3,3.0
743306,3,3.0
743461,3,3.0
743809,3,3.0
743877,3,3.0
745814,0,0
745871,3,3.0
746106,0,0
746162,0,0
746218,3,3.0
746979,0,0
747035,3,3.0
747585,3,3.0
748189,3,3.0
748551,0,0
748607,3,3.0
749303,3,3.0
749472,3,3.0
749582,3,3.0
750090,3,3.0
750434,3,3.0
750589,0,0
750645,3,3.0
750869,3,3.0
750938,3,3.0
751122,3,3.0
751320,3,3.0
752266,3,3.0
752528,3,3.0
753044,0,0
753101,3,3.0
753417,3,3.0
753514,0,0
753570,0,0
753626,0,0
753683,3,3.0
754073,3,3.0
754222,3,3.0
754418,3,3.0
754911,3,3.0
755350,3,3.0
755475,3,3.0
755959,3,3.0
756080,3,3.0
757161,3,3.0
757627,3,3.0
757876,0,0
757932,3,3.0
758071,3,3.0
758962,0,0
759018,3,3.0
759311,3,3.0
759569,3,3.0
760222,3,3.0
760607,3,3.0
760967,0,0
761024,0,0
761080,3,3.0
761583,0,0
761639,3,3.0
761863,0,0
761920,3,3.0
762350,0,0
762408,3,3.0
762578,3,3.0
762820,0,0
762876,3,3.0
763344,3,3.0
763567,0,0
763623,3,3.0
764246,3,3.0
765003,3,3.0
765386,3,3.0
765573,0,0
765632,3,3.0
765757,3,3.0
765883,3,3.0
766005,0,0
766061,3,3.0
766312,3,3.0
766938,3,3.0
767112,3,3.0
